0.5236 1.7453 -1.8326 -1.4835 1.5708 0 1.0043 0.27291 0.94859 1.9915 -1.81 1.1642 1 0 
0.5236 1.06892 -0.606636 -1.44126 1.5708 0 0.903458 0.436641 0.74036 1.93662 -1.84251 1.66741 1 3 
0.481505 0.974681 -0.30233 -1.89105 1.42504 -0.764588 1.23258 -0.421 1.12367 1.97721 -1.79102 2.26736 1 3 
0.995227 0.213927 -0.556477 -1.50772 1.68887 -1.41481 0.272615 0.0184831 -0.13864 1.53677 -0.932854 1.00383 1 3 
0.652882 0.0470573 -1.20198 -0.629074 1.57115 1.03502 -0.104767 0.101479 -0.275442 -0.469789 -0.179347 -0.289428 1 3 
0.63858 -0.125032 -0.679497 -0.849825 1.48278 1.65446 0.269384 0.0373063 0.0520984 -2.30941 0.751618 1.16068 3 3 
0.6054 -0.524306 0.532754 -1.362 1.27777 3.09167 0.644456 0.406901 0.0158754 -1.86399 1.42437 0.467838 3 3 
0.933799 0.567987 0.553985 -1.14542 2.0575 -0.522469 0.436001 1.34401 -1.3559 -1.30457 1.65665 -1.45932 0 3 
0.5236 0.34907 0.69813 -1.3963 1.5708 0 0.7096 1.8032 -1.7061 -1.6286 1.9143 -2.0155 0 3 

