0 3 0
-1169641847 3 0
38866768 3 0
48 3 0
48 3 0
48 3 0
0 3 0
48 3 0
48 3 0
48 3 3
48 3 3
48 3 3
48 3 3
48 3 3
0 3 3
48 3 3
48 3 3
48 3 3
39758480 3 3
48 3 3
48 3 3
48 3 3
48 3 3
48 3 3
48 3 3
48 3 3
48 3 3
48 3 3
48 3 3
48 3 3
48 3 3
48 3 3
48 3 3
48 3 3
48 3 3
48 3 3
48 3 3
48 3 3
48 3 3
48 3 3
48 3 3
48 3 3
48 3 3
48 3 3
48 3 3
48 3 3
48 3 3
48 3 3
48 3 3
48 3 3
48 3 3
48 3 3
0 3 3
0 3 3
48 3 3
48 3 3
48 3 3
48 3 3
0 3 3
48 3 3
0 3 3
48 3 3
48 3 3
48 3 3
48 3 3
340961208 3 3
48 3 3
48 3 3
48 3 3
48 3 3
0 3 3
48 3 3
48 3 3
48 3 3
48 3 3
48 3 3
0 3 3
0 3 3
48 3 3
48 3 3
48 3 3
48 3 3
48 3 3
48 3 3
48 3 3
48 3 3
48 3 3
48 3 3
48 3 3
48 3 3
48 3 3
48 3 3
48 3 3
48 3 3
48 3 3
48 3 3
48 3 3
36476944 3 3
48 3 3
48 3 3
48 3 3
48 3 3
48 3 3
48 3 3
48 3 3
48 3 3
48 3 3
48 3 3
48 3 3
48 3 3
0 3 3
48 3 3
39770112 3 3
48 3 3
48 3 3
0 3 3
48 3 3
48 3 3
48 3 3
48 3 3
340961256 3 3
0 3 3
48 0 3
48 0 3
48 0 3
48 0 3
48 0 3
0 0 3
0 0 3
48 0 3
0 0 3
