11
1.1 1.1 0 1.24 -1.5708 0 -0.79567 0.60136 0.43858 -0.74986 -1.0074 -0.092294 
1.13925 1.1724 -0.396456 1.63494 -1.68284 -0.257157 -0.185264 0.630322 0.534646 0.406133 -1.16159 -0.692837 
0.659478 -0.402987 0.882635 1.42882 -0.9793 -0.897331 0.348891 0.415013 0.48456 0.719803 -1.20109 -0.625028 
-0.574697 -0.414139 1.10598 -0.649497 -0.812776 0.667907 0.54789 0.29109 0.423586 0.88244 -0.930489 -0.80626 
-0.791973 -0.0552381 0.742988 -1.03772 -1.09094 0.147196 0.461189 -0.0379426 0.579277 0.713275 -0.604937 -0.0140552 
-0.694698 0.619005 -0.875745 -1.82402 -1.04804 1.64355 0.31591 -0.589721 0.568612 0.161104 -0.0629749 0.114846 
-0.670335 1.06246 -0.777386 -1.12905 -1.34153 1.28634 -0.186982 -0.478667 0.272234 -2.21981 -0.899316 2.05059 
-1.02448 0.647485 -0.616796 -1.45419 -1.47902 2.05729 0.244772 -0.0495118 -0.0264216 -2.31405 -0.279142 1.7822 
-0.852471 1.10418 0.590189 -1.02015 -2.06396 0.112992 0.363259 0.267366 0.399303 -2.35376 0.319448 2.25485 
-1.03596 1.2864 0.00443608 -1.00521 -1.94242 0.029233 0.736513 0.525987 -0.11458 -1.26261 0.589099 1.80167 
-1.1 1.35 -0.2 -1 -1.9 0 0.80875 0.72363 -0.47891 -1.0484 0.73278 1.7491 
