914
0.5236 1.7453 -1.8326 -1.4835 1.5708 0 1.00428 0.2729 0.9486 -1.15011 1.81001 -1.97739 
0.525755 1.73104 -1.81776 -1.48487 1.56801 -0.013929 1.00651 0.244512 0.961965 -1.15542 1.81378 -1.9775 
0.527909 1.71677 -1.80293 -1.48625 1.56523 -0.027858 1.00864 0.215834 0.974803 -1.16105 1.81774 -1.97843 
0.530064 1.70251 -1.78809 -1.48762 1.56244 -0.041787 1.01066 0.186897 0.987092 -1.16701 1.82187 -1.9802 
0.532218 1.68825 -1.77325 -1.489 1.55966 -0.055716 1.01257 0.157722 0.99882 -1.17332 1.82614 -1.9828 
0.534373 1.67399 -1.75842 -1.49037 1.55687 -0.0696451 1.01434 0.128336 1.00997 -1.17998 1.83053 -1.98622 
0.536527 1.65972 -1.74358 -1.49175 1.55409 -0.0835741 1.01599 0.0987668 1.02054 -1.18701 1.835 -1.99047 
0.538682 1.64546 -1.72875 -1.49312 1.5513 -0.0975031 1.0175 0.0690491 1.03052 -1.1944 1.83953 -1.99553 
0.540836 1.6312 -1.71391 -1.4945 1.54851 -0.111432 1.01888 0.0392192 1.03988 -1.20216 1.84408 -2.00139 
0.542991 1.61693 -1.69907 -1.49587 1.54573 -0.125361 1.0201 0.00931766 1.04863 -1.21029 1.8486 -2.00801 
0.545145 1.60267 -1.68424 -1.49725 1.54294 -0.13929 1.02117 -0.0206119 1.05676 -1.21879 1.85307 -2.01539 
0.5473 1.58841 -1.6694 -1.49862 1.54016 -0.153219 1.02209 -0.0505224 1.06424 -1.22766 1.85744 -2.02349 
0.549454 1.57415 -1.65456 -1.5 1.53737 -0.167148 1.02283 -0.0803642 1.07108 -1.23688 1.86167 -2.03227 
0.551609 1.55988 -1.63973 -1.50137 1.53459 -0.181077 1.0234 -0.110085 1.07727 -1.24645 1.86572 -2.0417 
0.553763 1.54562 -1.62489 -1.50275 1.5318 -0.195006 1.0238 -0.139631 1.08281 -1.25635 1.86953 -2.05173 
0.555918 1.53136 -1.61006 -1.50412 1.52902 -0.208935 1.024 -0.168946 1.08768 -1.26656 1.87308 -2.06231 
0.558072 1.51709 -1.59522 -1.50549 1.52623 -0.222864 1.02402 -0.197973 1.09189 -1.27706 1.87631 -2.07339 
0.560227 1.50283 -1.58038 -1.50687 1.52344 -0.236793 1.02383 -0.226655 1.09543 -1.28783 1.87918 -2.08491 
0.562381 1.48857 -1.56555 -1.50824 1.52066 -0.250722 1.02343 -0.254936 1.09831 -1.29883 1.88166 -2.09681 
0.564536 1.47431 -1.55071 -1.50962 1.51787 -0.264651 1.02281 -0.282759 1.10053 -1.31003 1.8837 -2.10903 
0.56669 1.46004 -1.53587 -1.51099 1.51509 -0.27858 1.02197 -0.310071 1.10208 -1.32139 1.88526 -2.12149 
0.568845 1.44578 -1.52104 -1.51237 1.5123 -0.292509 1.0209 -0.336818 1.10299 -1.33289 1.88632 -2.13415 
0.570999 1.43152 -1.5062 -1.51374 1.50952 -0.306438 1.01959 -0.362952 1.10325 -1.34447 1.88685 -2.14691 
0.573154 1.41726 -1.49137 -1.51512 1.50673 -0.320367 1.01803 -0.388426 1.10287 -1.3561 1.88681 -2.15973 
0.575308 1.40299 -1.47653 -1.51649 1.50394 -0.334296 1.01622 -0.413198 1.10187 -1.36773 1.88619 -2.17252 
0.577463 1.38873 -1.46169 -1.51787 1.50116 -0.348225 1.01414 -0.437229 1.10025 -1.37933 1.88496 -2.18523 
0.579617 1.37447 -1.44686 -1.51924 1.49837 -0.362154 1.01179 -0.460484 1.09803 -1.39085 1.88312 -2.19779 
0.581772 1.3602 -1.43202 -1.52062 1.49559 -0.376083 1.00916 -0.482934 1.09522 -1.40224 1.88063 -2.21014 
0.583926 1.34594 -1.41718 -1.52199 1.4928 -0.390012 1.00624 -0.504554 1.09184 -1.41348 1.87751 -2.22222 
0.586081 1.33168 -1.40235 -1.52337 1.49002 -0.403941 1.00303 -0.525322 1.08791 -1.42451 1.87374 -2.23399 
0.588235 1.31742 -1.38751 -1.52474 1.48723 -0.41787 0.999514 -0.545223 1.08345 -1.43531 1.86932 -2.24539 
0.59039 1.30315 -1.37268 -1.52612 1.48445 -0.431799 0.995689 -0.564245 1.07846 -1.44584 1.86425 -2.25638 
0.592544 1.28889 -1.35784 -1.52749 1.48166 -0.445728 0.991546 -0.58238 1.07298 -1.45607 1.85854 -2.26691 
0.594699 1.27463 -1.343 -1.52886 1.47887 -0.459657 0.987078 -0.599625 1.06702 -1.46597 1.85218 -2.27697 
0.596853 1.26036 -1.32817 -1.53024 1.47609 -0.473586 0.98228 -0.615979 1.0606 -1.47551 1.84519 -2.28651 
0.599008 1.2461 -1.31333 -1.53161 1.4733 -0.487515 0.977143 -0.631448 1.05373 -1.48467 1.83757 -2.29552 
0.601162 1.23184 -1.29849 -1.53299 1.47052 -0.501444 0.971664 -0.646036 1.04645 -1.49344 1.82934 -2.30397 
0.603317 1.21758 -1.28366 -1.53436 1.46773 -0.515373 0.965835 -0.659754 1.03877 -1.50179 1.8205 -2.31185 
0.605471 1.20331 -1.26882 -1.53574 1.46495 -0.529302 0.959653 -0.672614 1.0307 -1.5097 1.81107 -2.31914 
0.607626 1.18905 -1.25399 -1.53711 1.46216 -0.543231 0.953112 -0.684628 1.02228 -1.51718 1.80106 -2.32585 
0.60978 1.17479 -1.23915 -1.53849 1.45937 -0.55716 0.94621 -0.695814 1.01351 -1.5242 1.79048 -2.33196 
0.611935 1.16052 -1.22431 -1.53986 1.45659 -0.571089 0.938944 -0.706188 1.00441 -1.53075 1.77936 -2.33748 
0.614089 1.14626 -1.20948 -1.54124 1.4538 -0.585018 0.931312 -0.715769 0.995015 -1.53684 1.76769 -2.34241 
0.616244 1.132 -1.19464 -1.54261 1.45102 -0.598948 0.923312 -0.724577 0.985327 -1.54246 1.75551 -2.34675 
0.618398 1.11774 -1.1798 -1.54399 1.44823 -0.612877 0.914944 -0.732631 0.975368 -1.54761 1.74283 -2.35051 
0.620553 1.10347 -1.16497 -1.54536 1.44545 -0.626806 0.90621 -0.739952 0.965154 -1.55228 1.72965 -2.35371 
0.622707 1.08921 -1.15013 -1.54674 1.44266 -0.640735 0.897111 -0.746563 0.954701 -1.55648 1.71601 -2.35635 
0.624862 1.07495 -1.1353 -1.54811 1.43988 -0.654664 0.887651 -0.752483 0.944025 -1.5602 1.70191 -2.35845 
0.627016 1.06068 -1.12046 -1.54948 1.43709 -0.668593 0.877834 -0.757734 0.93314 -1.56345 1.68738 -2.36002 
0.629171 1.04642 -1.10562 -1.55086 1.4343 -0.682522 0.867666 -0.762338 0.922061 -1.56624 1.67243 -2.36107 
0.631325 1.03216 -1.09079 -1.55223 1.43152 -0.696451 0.857153 -0.766317 0.910803 -1.56857 1.65708 -2.36164 
0.63348 1.0179 -1.07595 -1.55361 1.42873 -0.71038 0.846304 -0.769691 0.899377 -1.57045 1.64135 -2.36173 
0.635634 1.00363 -1.06111 -1.55498 1.42595 -0.724309 0.83513 -0.772481 0.887797 -1.57187 1.62526 -2.36136 
0.637789 0.989371 -1.04628 -1.55636 1.42316 -0.738238 0.82364 -0.774707 0.876075 -1.57285 1.60884 -2.36055 
0.639943 0.975108 -1.03144 -1.55773 1.42038 -0.752167 0.811849 -0.77639 0.864223 -1.5734 1.5921 -2.35932 
0.642098 0.960845 -1.01661 -1.55911 1.41759 -0.766096 0.799769 -0.77755 0.852252 -1.57351 1.57507 -2.3577 
0.644252 0.946582 -1.00177 -1.56048 1.4148 -0.780025 0.787416 -0.778205 0.840172 -1.57321 1.55777 -2.35569 
0.646407 0.932319 -0.986934 -1.56186 1.41202 -0.793954 0.774807 -0.778375 0.827994 -1.5725 1.54022 -2.35333 
0.648561 0.918057 -0.972097 -1.56323 1.40923 -0.807883 0.76196 -0.778078 0.815728 -1.57138 1.52246 -2.35063 
0.650716 0.903794 -0.957261 -1.56461 1.40645 -0.821812 0.748894 -0.777332 0.803384 -1.56987 1.50449 -2.34761 
0.65287 0.889531 -0.942425 -1.56598 1.40366 -0.835741 0.735628 -0.776155 0.790969 -1.56798 1.48636 -2.34429 
0.655025 0.875268 -0.927589 -1.56736 1.40088 -0.84967 0.722185 -0.774564 0.778494 -1.56572 1.46808 -2.34068 
0.657179 0.861005 -0.912752 -1.56873 1.39809 -0.863599 0.708586 -0.772575 0.765966 -1.56309 1.44968 -2.33682 
0.659334 0.846742 -0.897916 -1.5701 1.39531 -0.877528 0.694854 -0.770206 0.753394 -1.5601 1.43119 -2.33271 
0.661488 0.83248 -0.88308 -1.57148 1.39252 -0.891457 0.681013 -0.767471 0.740785 -1.55677 1.41263 -2.32838 
0.663643 0.818217 -0.868244 -1.57285 1.38973 -0.905386 0.667085 -0.764387 0.728146 -1.55311 1.39404 -2.32384 
0.665797 0.803954 -0.853407 -1.57423 1.38695 -0.919315 0.653095 -0.760969 0.715486 -1.54913 1.37543 -2.3191 
0.667952 0.789691 -0.838571 -1.5756 1.38416 -0.933244 0.639068 -0.757232 0.70281 -1.54483 1.35684 -2.31419 
0.670106 0.775428 -0.823735 -1.57698 1.38138 -0.947173 0.625026 -0.75319 0.690125 -1.54023 1.33829 -2.30912 
0.672261 0.761166 -0.808899 -1.57835 1.37859 -0.961102 0.610994 -0.748857 0.677439 -1.53534 1.3198 -2.3039 
0.674415 0.746903 -0.794062 -1.57973 1.37581 -0.975031 0.596996 -0.744247 0.664756 -1.53018 1.3014 -2.29855 
0.67657 0.73264 -0.779226 -1.5811 1.37302 -0.98896 0.583053 -0.739374 0.652083 -1.52474 1.28312 -2.29307 
0.678724 0.718377 -0.76439 -1.58248 1.37023 -1.00289 0.569188 -0.734251 0.639426 -1.51905 1.26496 -2.28749 
0.680879 0.704114 -0.749554 -1.58385 1.36745 -1.01682 0.555423 -0.728891 0.626791 -1.51311 1.24697 -2.28181 
0.683033 0.689851 -0.734717 -1.58523 1.36466 -1.03075 0.541778 -0.723305 0.614182 -1.50693 1.22915 -2.27604 
0.685188 0.675589 -0.719881 -1.5866 1.36188 -1.04468 0.528271 -0.717507 0.601606 -1.50053 1.21153 -2.27019 
0.687342 0.661326 -0.705045 -1.58798 1.35909 -1.0586 0.514922 -0.711509 0.589068 -1.49391 1.19413 -2.26427 
0.689497 0.647063 -0.690209 -1.58935 1.35631 -1.07253 0.501746 -0.70532 0.576572 -1.4871 1.17695 -2.25829 
0.691651 0.6328 -0.675372 -1.59072 1.35352 -1.08646 0.48876 -0.698954 0.564124 -1.48009 1.16002 -2.25225 
0.693806 0.618537 -0.660536 -1.5921 1.35074 -1.10039 0.475979 -0.692421 0.551728 -1.4729 1.14334 -2.24616 
0.69596 0.604275 -0.6457 -1.59347 1.34795 -1.11432 0.463414 -0.685731 0.539389 -1.46554 1.12694 -2.24002 
0.698115 0.590012 -0.630864 -1.59485 1.34516 -1.12825 0.451078 -0.678895 0.527112 -1.45802 1.11081 -2.23384 
0.700269 0.575749 -0.616027 -1.59622 1.34238 -1.14218 0.43898 -0.671923 0.514902 -1.45035 1.09497 -2.22762 
0.702424 0.561486 -0.601191 -1.5976 1.33959 -1.15611 0.427131 -0.664825 0.502762 -1.44254 1.07943 -2.22136 
0.704578 0.547223 -0.586355 -1.59897 1.33681 -1.17004 0.415537 -0.657609 0.490697 -1.43461 1.06419 -2.21507 
0.706733 0.53296 -0.571519 -1.60035 1.33402 -1.18397 0.404204 -0.650285 0.478712 -1.42655 1.04925 -2.20874 
0.708887 0.518698 -0.556682 -1.60172 1.33124 -1.1979 0.393139 -0.642861 0.466811 -1.41839 1.03463 -2.20238 
0.711042 0.504435 -0.541846 -1.6031 1.32845 -1.21182 0.382344 -0.635347 0.454998 -1.41013 1.02031 -2.19599 
0.713196 0.490172 -0.52701 -1.60447 1.32566 -1.22575 0.371824 -0.62775 0.443276 -1.40177 1.00631 -2.18956 
0.715351 0.475909 -0.512174 -1.60585 1.32288 -1.23968 0.361579 -0.620079 0.431651 -1.39334 0.992618 -2.1831 
0.717505 0.461646 -0.497337 -1.60722 1.32009 -1.25361 0.35161 -0.61234 0.420127 -1.38484 0.979235 -2.1766 
0.71966 0.447384 -0.482501 -1.6086 1.31731 -1.26754 0.341917 -0.604541 0.408706 -1.37628 0.96616 -2.17006 
0.721814 0.433121 -0.467665 -1.60997 1.31452 -1.28147 0.3325 -0.59669 0.397394 -1.36767 0.953388 -2.16348 
0.723969 0.418858 -0.452829 -1.61135 1.31174 -1.2954 0.323357 -0.588793 0.386194 -1.35902 0.940915 -2.15686 
0.726123 0.404595 -0.437992 -1.61272 1.30895 -1.30933 0.314484 -0.580857 0.37511 -1.35032 0.928737 -2.15019 
0.728278 0.390332 -0.423156 -1.61409 1.30617 -1.32326 0.30588 -0.572887 0.364146 -1.34161 0.916847 -2.14348 
0.730432 0.376069 -0.40832 -1.61547 1.30338 -1.33719 0.29754 -0.564891 0.353305 -1.33287 0.905239 -2.13671 
0.732587 0.361807 -0.393484 -1.61684 1.30059 -1.35111 0.28946 -0.556874 0.342592 -1.32413 0.893907 -2.12989 
0.734741 0.347544 -0.378647 -1.61822 1.29781 -1.36504 0.281636 -0.548842 0.33201 -1.31538 0.882844 -2.12301 
0.736896 0.333281 -0.363811 -1.61959 1.29502 -1.37897 0.274063 -0.5408 0.321563 -1.30663 0.87204 -2.11606 
0.73905 0.319018 -0.348975 -1.62097 1.29224 -1.3929 0.266735 -0.532754 0.311255 -1.2979 0.861489 -2.10905 
0.741205 0.304755 -0.334139 -1.62234 1.28945 -1.40683 0.259646 -0.524708 0.30109 -1.28919 0.851182 -2.10197 
0.743359 0.290493 -0.319302 -1.62372 1.28667 -1.42076 0.252791 -0.516668 0.29107 -1.2805 0.841109 -2.09481 
0.745514 0.27623 -0.304466 -1.62509 1.28388 -1.43469 0.246164 -0.508637 0.2812 -1.27185 0.831263 -2.08757 
0.747668 0.261967 -0.28963 -1.62647 1.28109 -1.44862 0.239758 -0.500622 0.271483 -1.26323 0.821634 -2.08026 
0.749823 0.247704 -0.274794 -1.62784 1.27831 -1.46255 0.233567 -0.492625 0.261923 -1.25466 0.812213 -2.07285 
0.751977 0.233441 -0.259957 -1.62922 1.27552 -1.47648 0.227585 -0.484652 0.252523 -1.24613 0.80299 -2.06536 
0.754132 0.219178 -0.245121 -1.63059 1.27274 -1.4904 0.221804 -0.476705 0.243288 -1.23767 0.793956 -2.05777 
0.756286 0.204916 -0.230285 -1.63197 1.26995 -1.50433 0.216219 -0.46879 0.234219 -1.22926 0.785103 -2.05009 
0.758441 0.190653 -0.215448 -1.63334 1.26717 -1.51826 0.210822 -0.46091 0.225321 -1.22092 0.776419 -2.0423 
0.760595 0.17639 -0.200612 -1.63471 1.26438 -1.53219 0.205608 -0.453068 0.216597 -1.21265 0.767897 -2.03442 
0.76275 0.162127 -0.185776 -1.63609 1.2616 -1.54612 0.200569 -0.445267 0.208051 -1.20446 0.759526 -2.02642 
0.764904 0.147864 -0.17094 -1.63746 1.25881 -1.56005 0.195699 -0.437512 0.199685 -1.19634 0.751297 -2.01831 
0.767059 0.133602 -0.156103 -1.63884 1.25602 -1.57398 0.190991 -0.429806 0.191504 -1.18831 0.743202 -2.0101 
0.769213 0.119339 -0.141267 -1.64021 1.25324 -1.58791 0.18644 -0.42215 0.183509 -1.18037 0.735231 -2.00176 
0.771368 0.105076 -0.126431 -1.64159 1.25045 -1.60184 0.182039 -0.414549 0.175705 -1.17252 0.727375 -1.9933 
0.773522 0.0908131 -0.111595 -1.64296 1.24767 -1.61577 0.177781 -0.407005 0.168094 -1.16477 0.719626 -1.98472 
0.775677 0.0765503 -0.0967585 -1.64434 1.24488 -1.62969 0.17366 -0.399521 0.160679 -1.15712 0.711973 -1.97602 
0.777831 0.0622875 -0.0819222 -1.64571 1.2421 -1.64362 0.169672 -0.3921 0.153464 -1.14957 0.70441 -1.96719 
0.779986 0.0480246 -0.067086 -1.64709 1.23931 -1.65755 0.165808 -0.384743 0.146451 -1.14213 0.696928 -1.95823 
0.78214 0.0337618 -0.0522497 -1.64846 1.23652 -1.67148 0.162065 -0.377453 0.139643 -1.13479 0.689518 -1.94914 
0.784295 0.019499 -0.0374135 -1.64984 1.23374 -1.68541 0.158436 -0.370233 0.133043 -1.12757 0.682172 -1.93991 
0.786449 0.00523619 -0.0225772 -1.65121 1.23095 -1.69934 0.154915 -0.363085 0.126653 -1.12047 0.674883 -1.93055 
0.788604 -0.00902662 -0.00774096 -1.65259 1.22817 -1.71327 0.151498 -0.35601 0.120476 -1.11348 0.667642 -1.92105 
0.790758 -0.0232894 0.00709529 -1.65396 1.22538 -1.7272 0.148178 -0.349011 0.114514 -1.10661 0.660442 -1.91141 
0.792913 -0.0375523 0.0219315 -1.65533 1.2226 -1.74113 0.144951 -0.342089 0.10877 -1.09987 0.653277 -1.90163 
0.795067 -0.0518151 0.0367678 -1.65671 1.21981 -1.75506 0.141812 -0.335245 0.103245 -1.09325 0.646137 -1.8917 
0.797222 -0.0660779 0.0516041 -1.65808 1.21703 -1.76898 0.138756 -0.328483 0.0979428 -1.08676 0.639017 -1.88163 
0.799376 -0.0803407 0.0664403 -1.65946 1.21424 -1.78291 0.135778 -0.321802 0.0928644 -1.0804 0.63191 -1.87142 
0.795923 -0.0824803 0.0699913 -1.65739 1.21209 -1.7871 0.144568 -0.324706 0.101549 -1.09935 0.636653 -1.84727 
0.79247 -0.0846198 0.0735423 -1.65532 1.20994 -1.79129 0.153355 -0.327491 0.110139 -1.11803 0.641618 -1.82338 
0.789017 -0.0867594 0.0770934 -1.65326 1.20779 -1.79547 0.162136 -0.330157 0.118636 -1.13641 0.646797 -1.79975 
0.785564 -0.0888989 0.0806444 -1.65119 1.20564 -1.79966 0.170907 -0.332703 0.127041 -1.15449 0.652183 -1.77639 
0.782111 -0.0910385 0.0841954 -1.64912 1.20349 -1.80385 0.179666 -0.335129 0.135353 -1.17226 0.65777 -1.7533 
0.778658 -0.0931781 0.0877464 -1.64706 1.20134 -1.80803 0.188409 -0.337435 0.143573 -1.18973 0.663549 -1.73049 
0.775205 -0.0953176 0.0912975 -1.64499 1.19919 -1.81222 0.197133 -0.339619 0.151702 -1.20688 0.669513 -1.70797 
0.771752 -0.0974572 0.0948485 -1.64292 1.19704 -1.81641 0.205836 -0.341683 0.159739 -1.22371 0.675654 -1.68573 
0.768299 -0.0995967 0.0983995 -1.64086 1.19489 -1.82059 0.214514 -0.343625 0.167686 -1.24022 0.681965 -1.66377 
0.764845 -0.101736 0.101951 -1.63879 1.19274 -1.82478 0.223165 -0.345445 0.175542 -1.25641 0.688438 -1.6421 
0.761392 -0.103876 0.105502 -1.63672 1.19059 -1.82897 0.231785 -0.347143 0.183307 -1.27227 0.695066 -1.62071 
0.757939 -0.106015 0.109053 -1.63465 1.18845 -1.83315 0.240372 -0.348718 0.190982 -1.28782 0.701842 -1.59961 
0.754486 -0.108155 0.112604 -1.63259 1.1863 -1.83734 0.248923 -0.350171 0.198567 -1.30305 0.708757 -1.57879 
0.751033 -0.110295 0.116155 -1.63052 1.18415 -1.84153 0.257435 -0.3515 0.206062 -1.31795 0.715806 -1.55825 
0.74758 -0.112434 0.119706 -1.62845 1.182 -1.84571 0.265906 -0.352706 0.213468 -1.33254 0.72298 -1.53798 
0.744127 -0.114574 0.123257 -1.62639 1.17985 -1.8499 0.274333 -0.353788 0.220783 -1.34682 0.730273 -1.51799 
0.740674 -0.116713 0.126808 -1.62432 1.1777 -1.85409 0.282714 -0.354746 0.228009 -1.36079 0.737678 -1.49826 
0.737221 -0.118853 0.130359 -1.62225 1.17555 -1.85827 0.291045 -0.355581 0.235146 -1.37445 0.745189 -1.47881 
0.733768 -0.120992 0.13391 -1.62018 1.1734 -1.86246 0.299326 -0.35629 0.242193 -1.3878 0.752798 -1.45961 
0.730315 -0.123132 0.137461 -1.61812 1.17125 -1.86665 0.307552 -0.356876 0.24915 -1.40086 0.7605 -1.44066 
0.726862 -0.125271 0.141012 -1.61605 1.1691 -1.87083 0.315722 -0.357336 0.256018 -1.41363 0.768289 -1.42197 
0.723409 -0.127411 0.144563 -1.61398 1.16695 -1.87502 0.323835 -0.357672 0.262796 -1.4261 0.776158 -1.40352 
0.719955 -0.129551 0.148114 -1.61192 1.1648 -1.87921 0.331887 -0.357883 0.269485 -1.43829 0.784102 -1.38531 
0.716502 -0.13169 0.151665 -1.60985 1.16265 -1.88339 0.339877 -0.357968 0.276084 -1.4502 0.792115 -1.36733 
0.713049 -0.13383 0.155216 -1.60778 1.1605 -1.88758 0.347803 -0.357929 0.282593 -1.46184 0.800191 -1.34958 
0.709596 -0.135969 0.158767 -1.60572 1.15835 -1.89177 0.355663 -0.357764 0.289012 -1.47321 0.808326 -1.33205 
0.706143 -0.138109 0.162318 -1.60365 1.1562 -1.89595 0.363455 -0.357474 0.295341 -1.48432 0.816515 -1.31473 
0.70269 -0.140248 0.165869 -1.60158 1.15405 -1.90014 0.371177 -0.357059 0.30158 -1.49517 0.824752 -1.29763 
0.695784 -0.144527 0.172971 -1.59745 1.14975 -1.90851 0.386408 -0.355853 0.313787 -1.51611 0.841353 -1.26403 
0.688878 -0.148807 0.180073 -1.59331 1.14545 -1.91689 0.401343 -0.354146 0.325632 -1.53609 0.858094 -1.2312 
0.681972 -0.153086 0.187175 -1.58918 1.14116 -1.92526 0.415971 -0.351939 0.337112 -1.55515 0.874944 -1.19909 
0.675065 -0.157365 0.194277 -1.58504 1.13686 -1.93363 0.430285 -0.349233 0.348227 -1.57332 0.891871 -1.16767 
0.668159 -0.161644 0.201379 -1.58091 1.13256 -1.94201 0.444276 -0.34603 0.358975 -1.59065 0.90885 -1.1369 
0.661253 -0.165923 0.208481 -1.57678 1.12826 -1.95038 0.457937 -0.342332 0.369352 -1.60718 0.925855 -1.10672 
0.654347 -0.170202 0.215583 -1.57264 1.12396 -1.95876 0.471264 -0.338141 0.379358 -1.62295 0.942865 -1.07711 
0.647441 -0.174481 0.222685 -1.56851 1.11966 -1.96713 0.484251 -0.333461 0.388991 -1.63798 0.959858 -1.04804 
0.640535 -0.17876 0.229787 -1.56437 1.11536 -1.9755 0.496897 -0.328293 0.398247 -1.65231 0.976817 -1.01947 
0.633628 -0.183039 0.236889 -1.56024 1.11106 -1.98388 0.509199 -0.322642 0.407124 -1.66598 0.993725 -0.991362 
0.626722 -0.187319 0.243991 -1.55611 1.10676 -1.99225 0.521155 -0.316512 0.415621 -1.67901 1.01057 -0.963701 
0.619816 -0.191598 0.251093 -1.55197 1.10246 -2.00062 0.532767 -0.309908 0.423735 -1.69144 1.02733 -0.936459 
0.61291 -0.195877 0.258195 -1.54784 1.09816 -2.009 0.544034 -0.302834 0.431464 -1.70328 1.04401 -0.909613 
0.606004 -0.200156 0.265297 -1.5437 1.09387 -2.01737 0.554958 -0.295297 0.438804 -1.71457 1.06058 -0.883141 
0.599098 -0.204435 0.2724 -1.53957 1.08957 -2.02574 0.565541 -0.287301 0.445755 -1.72532 1.07704 -0.857024 
0.592192 -0.208714 0.279502 -1.53544 1.08527 -2.03412 0.575787 -0.278853 0.452313 -1.73557 1.09339 -0.831247 
0.585285 -0.212993 0.286604 -1.5313 1.08097 -2.04249 0.585697 -0.269961 0.458477 -1.74532 1.10961 -0.805793 
0.578379 -0.217272 0.293706 -1.52717 1.07667 -2.05086 0.595277 -0.260631 0.464244 -1.75461 1.1257 -0.78065 
0.571473 -0.221551 0.300808 -1.52303 1.07237 -2.05924 0.60453 -0.25087 0.469613 -1.76344 1.14165 -0.755805 
0.564567 -0.225831 0.30791 -1.5189 1.06807 -2.06761 0.613461 -0.240687 0.474581 -1.77185 1.15745 -0.731249 
0.557661 -0.23011 0.315012 -1.51476 1.06377 -2.07598 0.622076 -0.230091 0.479148 -1.77983 1.17311 -0.706972 
0.550755 -0.234389 0.322114 -1.51063 1.05947 -2.08436 0.630379 -0.21909 0.483312 -1.78742 1.18862 -0.682967 
0.543848 -0.238668 0.329216 -1.5065 1.05517 -2.09273 0.638376 -0.207693 0.48707 -1.79462 1.20397 -0.659227 
0.536942 -0.242947 0.336318 -1.50236 1.05087 -2.1011 0.646073 -0.195911 0.490423 -1.80145 1.21917 -0.635748 
0.530036 -0.247226 0.34342 -1.49823 1.04658 -2.10948 0.653476 -0.183752 0.493369 -1.80792 1.2342 -0.612524 
0.52313 -0.251505 0.350522 -1.49409 1.04228 -2.11785 0.660591 -0.171228 0.495907 -1.81405 1.24907 -0.589554 
0.516224 -0.255784 0.357624 -1.48996 1.03798 -2.12622 0.667425 -0.158349 0.498037 -1.81985 1.26377 -0.566834 
0.509318 -0.260063 0.364726 -1.48583 1.03368 -2.1346 0.673983 -0.145126 0.499758 -1.82533 1.2783 -0.544363 
0.502412 -0.264343 0.371828 -1.48169 1.02938 -2.14297 0.680271 -0.13157 0.501071 -1.83051 1.29266 -0.52214 
0.495505 -0.268622 0.37893 -1.47756 1.02508 -2.15134 0.686297 -0.117692 0.501975 -1.83539 1.30684 -0.500165 
0.488599 -0.272901 0.386032 -1.47342 1.02078 -2.15972 0.692067 -0.103504 0.502471 -1.83998 1.32085 -0.478438 
0.481693 -0.27718 0.393134 -1.46929 1.01648 -2.16809 0.697587 -0.0890183 0.50256 -1.84431 1.33469 -0.456961 
0.474787 -0.281459 0.400236 -1.46516 1.01218 -2.17646 0.702862 -0.0742458 0.502242 -1.84837 1.34834 -0.435734 
0.467881 -0.285738 0.407338 -1.46102 1.00788 -2.18484 0.707901 -0.0591989 0.501518 -1.85218 1.36182 -0.41476 
0.460975 -0.290017 0.41444 -1.45689 1.00358 -2.19321 0.712707 -0.0438896 0.500389 -1.85575 1.37511 -0.39404 
0.454068 -0.294296 0.421542 -1.45275 0.999286 -2.20158 0.717289 -0.02833 0.498858 -1.85909 1.38822 -0.373578 
0.447162 -0.298575 0.428644 -1.44862 0.994987 -2.20996 0.721652 -0.012532 0.496925 -1.86221 1.40115 -0.353376 
0.440256 -0.302855 0.435747 -1.44448 0.990687 -2.21833 0.725801 0.00349216 0.494593 -1.86512 1.4139 -0.333436 
0.43335 -0.307134 0.442849 -1.44035 0.986388 -2.2267 0.729742 0.0197307 0.491864 -1.86783 1.42645 -0.313763 
0.426444 -0.311413 0.449951 -1.43622 0.982089 -2.23508 0.733483 0.0361717 0.48874 -1.87035 1.43883 -0.294358 
0.419538 -0.315692 0.457053 -1.43208 0.97779 -2.24345 0.737026 0.0528035 0.485223 -1.87268 1.45102 -0.275227 
0.412631 -0.319971 0.464155 -1.42795 0.973491 -2.25182 0.74038 0.0696146 0.481317 -1.87485 1.46302 -0.256371 
0.405725 -0.32425 0.471257 -1.42381 0.969192 -2.2602 0.743548 0.0865937 0.477024 -1.87686 1.47483 -0.237795 
0.398819 -0.328529 0.478359 -1.41968 0.964893 -2.26857 0.746536 0.10373 0.472348 -1.87871 1.48646 -0.219502 
0.391913 -0.332808 0.485461 -1.41555 0.960594 -2.27694 0.74935 0.121012 0.467291 -1.88042 1.4979 -0.201496 
0.385007 -0.337087 0.492563 -1.41141 0.956295 -2.28532 0.751994 0.138429 0.461856 -1.88199 1.50916 -0.183779 
0.378101 -0.341367 0.499665 -1.40728 0.951996 -2.29369 0.754473 0.155972 0.456047 -1.88345 1.52022 -0.166355 
0.371195 -0.345646 0.506767 -1.40314 0.947697 -2.30206 0.756792 0.17363 0.449868 -1.88478 1.5311 -0.149228 
0.364288 -0.349925 0.513869 -1.39901 0.943398 -2.31044 0.758955 0.191394 0.443322 -1.88601 1.5418 -0.132399 
0.357382 -0.354204 0.520971 -1.39488 0.939099 -2.31881 0.760968 0.209255 0.436412 -1.88714 1.55231 -0.115874 
0.350476 -0.358483 0.528073 -1.39074 0.934799 -2.32719 0.762834 0.227203 0.429143 -1.88818 1.56264 -0.0996533 
0.34357 -0.362762 0.535175 -1.38661 0.9305 -2.33556 0.764559 0.245231 0.421517 -1.88914 1.57278 -0.0837408 
0.336664 -0.367041 0.542277 -1.38247 0.926201 -2.34393 0.766145 0.26333 0.413539 -1.89003 1.58274 -0.0681389 
0.329758 -0.37132 0.549379 -1.37834 0.921902 -2.35231 0.767598 0.281493 0.405212 -1.89085 1.59252 -0.0528499 
0.322851 -0.375599 0.556481 -1.3742 0.917603 -2.36068 0.76892 0.299713 0.396539 -1.89162 1.60212 -0.0378761 
0.315945 -0.379879 0.563583 -1.37007 0.913304 -2.36905 0.770117 0.317982 0.387526 -1.89234 1.61154 -0.0232196 
0.309039 -0.384158 0.570685 -1.36594 0.909005 -2.37743 0.771192 0.336294 0.378174 -1.89301 1.62078 -0.00888237 
0.302133 -0.388437 0.577787 -1.3618 0.904706 -2.3858 0.772148 0.354644 0.368487 -1.89366 1.62985 0.00513387 
0.295227 -0.392716 0.584889 -1.35767 0.900407 -2.39417 0.772989 0.373026 0.35847 -1.89427 1.63874 0.0188275 
0.288321 -0.396995 0.591991 -1.35353 0.896108 -2.40255 0.773718 0.391435 0.348124 -1.89487 1.64746 0.0321971 
0.281415 -0.401274 0.599094 -1.3494 0.891809 -2.41092 0.774339 0.409866 0.337454 -1.89546 1.65601 0.0452413 
0.274508 -0.405553 0.606196 -1.34527 0.88751 -2.41929 0.774856 0.428314 0.326462 -1.89604 1.66438 0.0579591 
0.267602 -0.409832 0.613298 -1.34113 0.88321 -2.42767 0.77527 0.446777 0.315151 -1.89662 1.67259 0.0703493 
0.260696 -0.414111 0.6204 -1.337 0.878911 -2.43604 0.775585 0.465251 0.303525 -1.89722 1.68063 0.0824111 
0.25379 -0.418391 0.627502 -1.33286 0.874612 -2.44441 0.775805 0.483732 0.291584 -1.89782 1.68851 0.0941437 
0.246884 -0.42267 0.634604 -1.32873 0.870313 -2.45279 0.775932 0.502218 0.279333 -1.89845 1.69622 0.105547 
0.239978 -0.426949 0.641706 -1.3246 0.866014 -2.46116 0.775969 0.520707 0.266773 -1.8991 1.70377 0.116619 
0.233071 -0.431228 0.648808 -1.32046 0.861715 -2.46953 0.775918 0.539197 0.253906 -1.89978 1.71116 0.127361 
0.226165 -0.435507 0.65591 -1.31633 0.857416 -2.47791 0.775783 0.557686 0.240733 -1.90051 1.71838 0.137771 
0.219259 -0.439786 0.663012 -1.31219 0.853117 -2.48628 0.775566 0.576174 0.227257 -1.90127 1.72545 0.14785 
0.212353 -0.444065 0.670114 -1.30806 0.848818 -2.49465 0.775269 0.594659 0.213478 -1.90208 1.73237 0.157597 
0.205447 -0.448344 0.677216 -1.30392 0.844519 -2.50303 0.774895 0.613142 0.199397 -1.90295 1.73912 0.167013 
0.198541 -0.452623 0.684318 -1.29979 0.84022 -2.5114 0.774446 0.631622 0.185014 -1.90387 1.74572 0.176096 
0.191634 -0.456903 0.69142 -1.29566 0.835921 -2.51977 0.773925 0.650099 0.170331 -1.90485 1.75217 0.184847 
0.184728 -0.461182 0.698522 -1.29152 0.831622 -2.52815 0.773333 0.668575 0.155347 -1.9059 1.75846 0.193265 
0.177822 -0.465461 0.705624 -1.28739 0.827322 -2.53652 0.772674 0.687051 0.140061 -1.90702 1.76461 0.201351 
0.170916 -0.46974 0.712726 -1.28325 0.823023 -2.54489 0.771948 0.705527 0.124473 -1.90822 1.7706 0.209105 
0.16401 -0.474019 0.719828 -1.27912 0.818724 -2.55327 0.771158 0.724006 0.108581 -1.9095 1.77643 0.216525 
0.157104 -0.478298 0.72693 -1.27499 0.814425 -2.56164 0.770307 0.74249 0.0923831 -1.91086 1.78212 0.223612 
0.150198 -0.482577 0.734032 -1.27085 0.810126 -2.57001 0.769395 0.760982 0.0758781 -1.9123 1.78765 0.230365 
0.143291 -0.486856 0.741134 -1.26672 0.805827 -2.57839 0.768426 0.779483 0.0590627 -1.91384 1.79304 0.236784 
0.136385 -0.491136 0.748236 -1.26258 0.801528 -2.58676 0.7674 0.797999 0.0419337 -1.91547 1.79827 0.242868 
0.129479 -0.495415 0.755338 -1.25845 0.797229 -2.59513 0.76632 0.816531 0.0244874 -1.91719 1.80335 0.248616 
0.122573 -0.499694 0.76244 -1.25432 0.79293 -2.60351 0.765187 0.835085 0.00671913 -1.91902 1.80827 0.254028 
0.115667 -0.503973 0.769543 -1.25018 0.788631 -2.61188 0.764003 0.853664 -0.0113762 -1.92095 1.81305 0.259103 
0.108761 -0.508252 0.776645 -1.24605 0.784332 -2.62025 0.76277 0.872275 -0.0298044 -1.92299 1.81766 0.263838 
0.101854 -0.512531 0.783747 -1.24191 0.780033 -2.62863 0.761489 0.890922 -0.0485723 -1.92514 1.82213 0.268233 
0.0949483 -0.51681 0.790849 -1.23778 0.775734 -2.637 0.760161 0.90961 -0.0676873 -1.9274 1.82643 0.272286 
0.0880422 -0.521089 0.797951 -1.23364 0.771434 -2.64537 0.758789 0.928348 -0.0871582 -1.92978 1.83057 0.275994 
0.081136 -0.525368 0.805053 -1.22951 0.767135 -2.65375 0.757374 0.947142 -0.106994 -1.93227 1.83455 0.279355 
0.0742298 -0.529648 0.812155 -1.22538 0.762836 -2.66212 0.755917 0.965999 -0.127207 -1.93489 1.83836 0.282366 
0.0673237 -0.533927 0.819257 -1.22124 0.758537 -2.67049 0.75442 0.984928 -0.147807 -1.93763 1.84201 0.285024 
0.0604175 -0.538206 0.826359 -1.21711 0.754238 -2.67887 0.752884 1.00394 -0.16881 -1.94051 1.84548 0.287324 
0.0535114 -0.542485 0.833461 -1.21297 0.749939 -2.68724 0.75131 1.02304 -0.190229 -1.94351 1.84878 0.289262 
0.0466052 -0.546764 0.840563 -1.20884 0.74564 -2.69562 0.7497 1.04225 -0.212082 -1.94664 1.85189 0.290833 
0.0396991 -0.551043 0.847665 -1.20471 0.741341 -2.70399 0.748055 1.06157 -0.234388 -1.94991 1.85482 0.292031 
0.0327929 -0.555322 0.854767 -1.20057 0.737042 -2.71236 0.746376 1.08101 -0.257168 -1.95333 1.85756 0.292849 
0.0258867 -0.559601 0.861869 -1.19644 0.732743 -2.72074 0.744664 1.10061 -0.280447 -1.95688 1.8601 0.293279 
0.0189806 -0.56388 0.868971 -1.1923 0.728444 -2.72911 0.742921 1.12036 -0.30425 -1.96058 1.86243 0.293312 
0.0120744 -0.56816 0.876073 -1.18817 0.724145 -2.73748 0.741148 1.14029 -0.32861 -1.96444 1.86455 0.292938 
0.00516828 -0.572439 0.883175 -1.18404 0.719845 -2.74586 0.739345 1.16041 -0.35356 -1.96844 1.86645 0.292144 
-0.00173788 -0.576718 0.890277 -1.1799 0.715546 -2.75423 0.737515 1.18076 -0.379141 -1.97261 1.86811 0.290917 
-0.00864403 -0.580997 0.897379 -1.17577 0.711247 -2.7626 0.735658 1.20136 -0.405397 -1.97694 1.86952 0.28924 
-0.0155502 -0.585276 0.904481 -1.17163 0.706948 -2.77098 0.733774 1.22224 -0.432381 -1.98144 1.87068 0.287094 
-0.0224563 -0.589555 0.911583 -1.1675 0.702649 -2.77935 0.731866 1.24342 -0.460154 -1.98612 1.87155 0.284457 
-0.0293625 -0.593834 0.918685 -1.16336 0.69835 -2.78772 0.729934 1.26496 -0.488787 -1.99097 1.87214 0.281303 
-0.0362687 -0.598113 0.925787 -1.15923 0.694051 -2.7961 0.727979 1.2869 -0.518362 -1.99602 1.8724 0.2776 
-0.0431748 -0.602392 0.93289 -1.1551 0.689752 -2.80447 0.726002 1.30929 -0.54898 -2.00127 1.87232 0.273311 
-0.050081 -0.606672 0.939992 -1.15096 0.685453 -2.81284 0.724004 1.3322 -0.58076 -2.00672 1.87186 0.268389 
-0.0569871 -0.610951 0.947094 -1.14683 0.681154 -2.82122 0.721986 1.35571 -0.613847 -2.0124 1.87099 0.262779 
-0.0638933 -0.61523 0.954196 -1.14269 0.676855 -2.82959 0.719949 1.37992 -0.648422 -2.01832 1.86966 0.256411 
-0.0707994 -0.619509 0.961298 -1.13856 0.672556 -2.83796 0.717894 1.40494 -0.684714 -2.0245 1.86782 0.249194 
-0.0777056 -0.623788 0.9684 -1.13443 0.668257 -2.84634 0.715821 1.43095 -0.723017 -2.03097 1.86538 0.241013 
-0.0811587 -0.625928 0.971951 -1.13236 0.666107 -2.85052 0.714778 1.44438 -0.74304 -2.03432 1.86391 0.236514 
-0.0846118 -0.628067 0.975502 -1.13029 0.663957 -2.85471 0.713731 1.45814 -0.763724 -2.03775 1.86225 0.231711 
-0.081993 -0.619346 0.964303 -1.13418 0.665688 -2.85167 0.717947 1.43209 -0.72725 -2.02995 1.8665 0.240712 
-0.0793743 -0.610625 0.953104 -1.13806 0.667418 -2.84863 0.722185 1.40714 -0.692935 -2.02237 1.87018 0.248769 
-0.0767556 -0.601904 0.941905 -1.14195 0.669148 -2.84558 0.726446 1.3831 -0.660457 -2.01498 1.87337 0.256008 
-0.0741369 -0.593182 0.930706 -1.14583 0.670878 -2.84254 0.73073 1.35986 -0.62957 -2.00776 1.87615 0.262526 
-0.0715182 -0.584461 0.919507 -1.14972 0.672608 -2.8395 0.735037 1.33729 -0.60008 -2.0007 1.87855 0.268399 
-0.0688995 -0.57574 0.908309 -1.15361 0.674338 -2.83646 0.739367 1.31533 -0.571831 -1.99378 1.88063 0.273688 
-0.0662808 -0.567019 0.89711 -1.15749 0.676068 -2.83341 0.743719 1.29389 -0.544696 -1.98699 1.88241 0.278442 
-0.0636621 -0.558298 0.885911 -1.16138 0.677798 -2.83037 0.748095 1.27294 -0.518568 -1.98033 1.88394 0.282703 
-0.0610433 -0.549576 0.874712 -1.16526 0.679529 -2.82733 0.752494 1.25241 -0.493358 -1.97377 1.88522 0.286505 
-0.0584246 -0.540855 0.863513 -1.16915 0.681259 -2.82429 0.756916 1.23226 -0.468992 -1.96733 1.8863 0.289877 
-0.0558059 -0.532134 0.852314 -1.17304 0.682989 -2.82125 0.761361 1.21247 -0.445404 -1.96098 1.88718 0.292844 
-0.0531872 -0.523413 0.841115 -1.17692 0.684719 -2.8182 0.76583 1.193 -0.422538 -1.95472 1.88788 0.295429 
-0.0505685 -0.514692 0.829916 -1.18081 0.686449 -2.81516 0.770322 1.17383 -0.400346 -1.94856 1.88842 0.29765 
-0.0479498 -0.505971 0.818718 -1.18469 0.688179 -2.81212 0.774837 1.15493 -0.378784 -1.94248 1.88882 0.299523 
-0.0453311 -0.497249 0.807519 -1.18858 0.689909 -2.80908 0.779376 1.13628 -0.357815 -1.93648 1.88907 0.301063 
-0.0427124 -0.488528 0.79632 -1.19246 0.691639 -2.80604 0.783938 1.11786 -0.337405 -1.93055 1.8892 0.302283 
-0.0400936 -0.479807 0.785121 -1.19635 0.69337 -2.80299 0.788524 1.09967 -0.317524 -1.9247 1.88922 0.303195 
-0.0374749 -0.471086 0.773922 -1.20024 0.6951 -2.79995 0.793133 1.08167 -0.298145 -1.91891 1.88912 0.303808 
-0.0348562 -0.462365 0.762723 -1.20412 0.69683 -2.79691 0.797766 1.06387 -0.279246 -1.91319 1.88893 0.304134 
-0.0322375 -0.453643 0.751524 -1.20801 0.69856 -2.79387 0.802423 1.04625 -0.260802 -1.90754 1.88866 0.304179 
-0.0296188 -0.444922 0.740325 -1.21189 0.70029 -2.79082 0.807104 1.0288 -0.242796 -1.90194 1.88829 0.303952 
-0.0270001 -0.436201 0.729127 -1.21578 0.70202 -2.78778 0.811809 1.0115 -0.225209 -1.89641 1.88786 0.30346 
-0.0243814 -0.42748 0.717928 -1.21966 0.70375 -2.78474 0.816538 0.994361 -0.208025 -1.89093 1.88735 0.302709 
-0.0217627 -0.418759 0.706729 -1.22355 0.70548 -2.7817 0.821291 0.97736 -0.191229 -1.8855 1.88679 0.301706 
-0.0191439 -0.410038 0.69553 -1.22744 0.707211 -2.77866 0.826067 0.960496 -0.174807 -1.88012 1.88616 0.300456 
-0.0165252 -0.401316 0.684331 -1.23132 0.708941 -2.77561 0.830868 0.943761 -0.158748 -1.8748 1.88549 0.298964 
-0.0139065 -0.392595 0.673132 -1.23521 0.710671 -2.77257 0.835694 0.927149 -0.143039 -1.86952 1.88477 0.297236 
-0.0112878 -0.383874 0.661933 -1.23909 0.712401 -2.76953 0.840543 0.910655 -0.127669 -1.86428 1.88401 0.295275 
-0.0086691 -0.375153 0.650734 -1.24298 0.714131 -2.76649 0.845417 0.894274 -0.11263 -1.85909 1.88321 0.293086 
-0.00605038 -0.366432 0.639536 -1.24687 0.715861 -2.76344 0.850315 0.878002 -0.0979118 -1.85394 1.88238 0.290674 
-0.00343167 -0.35771 0.628337 -1.25075 0.717591 -2.7604 0.855237 0.861834 -0.0835063 -1.84884 1.88153 0.288041 
-0.000812959 -0.348989 0.617138 -1.25464 0.719322 -2.75736 0.860184 0.845766 -0.0694058 -1.84377 1.88066 0.285192 
0.00180575 -0.340268 0.605939 -1.25852 0.721052 -2.75432 0.865156 0.829796 -0.0556028 -1.83873 1.87976 0.282131 
0.00442447 -0.331547 0.59474 -1.26241 0.722782 -2.75128 0.870152 0.813919 -0.0420909 -1.83374 1.87886 0.278859 
0.00704318 -0.322826 0.583541 -1.26629 0.724512 -2.74823 0.875173 0.798134 -0.0288636 -1.82878 1.87794 0.275382 
0.00966189 -0.314105 0.572342 -1.27018 0.726242 -2.74519 0.880218 0.782438 -0.015915 -1.82385 1.87702 0.271702 
0.0122806 -0.305383 0.561143 -1.27407 0.727972 -2.74215 0.885289 0.766827 -0.00323984 -1.81895 1.8761 0.267821 
0.0148993 -0.296662 0.549945 -1.27795 0.729702 -2.73911 0.890384 0.751301 0.00916717 -1.81409 1.87517 0.263744 
0.017518 -0.287941 0.538746 -1.28184 0.731432 -2.73607 0.895503 0.735857 0.0213108 -1.80926 1.87426 0.259473 
0.0201367 -0.27922 0.527547 -1.28572 0.733163 -2.73302 0.900648 0.720494 0.0331956 -1.80445 1.87335 0.25501 
0.0227555 -0.270499 0.516348 -1.28961 0.734893 -2.72998 0.905818 0.70521 0.0448258 -1.79967 1.87246 0.250359 
0.0253742 -0.261777 0.505149 -1.2935 0.736623 -2.72694 0.911012 0.690003 0.0562054 -1.79492 1.87158 0.245522 
0.0279929 -0.253056 0.49395 -1.29738 0.738353 -2.7239 0.916232 0.674873 0.0673381 -1.7902 1.87072 0.240503 
0.0306116 -0.244335 0.482751 -1.30127 0.740083 -2.72085 0.921476 0.659819 0.0782276 -1.7855 1.86988 0.235303 
0.0332303 -0.235614 0.471552 -1.30515 0.741813 -2.71781 0.926746 0.64484 0.0888772 -1.78083 1.86907 0.229926 
0.035849 -0.226893 0.460354 -1.30904 0.743543 -2.71477 0.93204 0.629935 0.0992902 -1.77618 1.86829 0.224374 
0.0384677 -0.218172 0.449155 -1.31292 0.745273 -2.71173 0.93736 0.615103 0.109469 -1.77155 1.86754 0.218649 
0.0410864 -0.20945 0.437956 -1.31681 0.747004 -2.70869 0.942705 0.600345 0.119418 -1.76695 1.86683 0.212756 
0.0437051 -0.200729 0.426757 -1.3207 0.748734 -2.70564 0.948076 0.585659 0.129138 -1.76237 1.86615 0.206696 
0.0463239 -0.192008 0.415558 -1.32458 0.750464 -2.7026 0.953471 0.571046 0.138633 -1.75781 1.86552 0.200471 
0.0515613 -0.174566 0.39316 -1.33235 0.753924 -2.69652 0.964338 0.542038 0.156957 -1.74876 1.86438 0.187542 
0.0567987 -0.157123 0.370763 -1.34012 0.757384 -2.69043 0.975305 0.513321 0.174407 -1.73979 1.86345 0.173989 
0.0620361 -0.139681 0.348365 -1.3479 0.760845 -2.68435 0.986374 0.484898 0.191002 -1.73091 1.86273 0.159835 
0.0672736 -0.122239 0.325967 -1.35567 0.764305 -2.67826 0.997544 0.45677 0.206757 -1.72211 1.86226 0.145104 
0.072511 -0.104796 0.303569 -1.36344 0.767765 -2.67218 1.00882 0.428944 0.221688 -1.71339 1.86205 0.129817 
0.0777484 -0.0873538 0.281172 -1.37121 0.771225 -2.6661 1.02019 0.401425 0.235809 -1.70476 1.86212 0.114 
0.0829858 -0.0699114 0.258774 -1.37898 0.774686 -2.66001 1.03166 0.374219 0.249134 -1.69621 1.86249 0.0976769 
0.0882233 -0.052469 0.236376 -1.38675 0.778146 -2.65393 1.04324 0.347334 0.261677 -1.68776 1.86318 0.0808717 
0.0934607 -0.0350267 0.213978 -1.39453 0.781606 -2.64784 1.05491 0.320778 0.273451 -1.6794 1.8642 0.0636101 
0.0986981 -0.0175843 0.191581 -1.4023 0.785066 -2.64176 1.06669 0.294558 0.284468 -1.67115 1.86556 0.0459179 
0.103936 -0.00014195 0.169183 -1.41007 0.788527 -2.63567 1.07856 0.268685 0.294742 -1.663 1.86729 0.0278211 
0.109173 0.0173004 0.146785 -1.41784 0.791987 -2.62959 1.09054 0.243167 0.304285 -1.65496 1.86939 0.00934633 
0.11441 0.0347428 0.124387 -1.42561 0.795447 -2.6235 1.10261 0.218013 0.313111 -1.64705 1.87188 -0.00947985 
0.119648 0.0521851 0.10199 -1.43338 0.798907 -2.61742 1.11479 0.193233 0.321232 -1.63926 1.87477 -0.0286306 
0.124885 0.0696275 0.0795919 -1.44116 0.802368 -2.61134 1.12706 0.168835 0.328662 -1.63161 1.87806 -0.0480791 
0.130123 0.0870699 0.0571942 -1.44893 0.805828 -2.60525 1.13942 0.14483 0.335415 -1.6241 1.88176 -0.0677986 
0.13536 0.104512 0.0347964 -1.4567 0.809288 -2.59917 1.15189 0.121225 0.341504 -1.61675 1.88588 -0.0877624 
0.140598 0.121955 0.0123987 -1.46447 0.812748 -2.59308 1.16445 0.0980291 0.346943 -1.60957 1.89042 -0.107944 
0.145835 0.139397 -0.00999906 -1.47224 0.816209 -2.587 1.1771 0.0752497 0.351747 -1.60256 1.89539 -0.128318 
0.151072 0.156839 -0.0323968 -1.48001 0.819669 -2.58091 1.18984 0.0528943 0.35593 -1.59573 1.90079 -0.148859 
0.15631 0.174282 -0.0547945 -1.48778 0.823129 -2.57483 1.20268 0.0309695 0.359508 -1.58911 1.90661 -0.169542 
0.161547 0.191724 -0.0771923 -1.49556 0.826589 -2.56875 1.2156 0.00948094 0.362496 -1.58268 1.91286 -0.190343 
0.166785 0.209166 -0.09959 -1.50333 0.83005 -2.56266 1.22861 -0.0115661 0.36491 -1.57647 1.91954 -0.21124 
0.172022 0.226609 -0.121988 -1.5111 0.83351 -2.55658 1.24171 -0.0321675 0.366765 -1.57049 1.92663 -0.232208 
0.177259 0.244051 -0.144386 -1.51887 0.83697 -2.55049 1.25489 -0.0523197 0.368078 -1.56475 1.93414 -0.253229 
0.182497 0.261494 -0.166783 -1.52664 0.84043 -2.54441 1.26815 -0.0720204 0.368866 -1.55924 1.94206 -0.274282 
0.187734 0.278936 -0.189181 -1.53441 0.843891 -2.53832 1.2815 -0.0912679 0.369145 -1.554 1.95038 -0.295347 
0.192972 0.296378 -0.211579 -1.54219 0.847351 -2.53224 1.29492 -0.110062 0.368933 -1.54901 1.95909 -0.316407 
0.198209 0.313821 -0.233977 -1.54996 0.850811 -2.52616 1.30841 -0.128402 0.368245 -1.5443 1.96819 -0.337447 
0.203447 0.331263 -0.256374 -1.55773 0.854271 -2.52007 1.32197 -0.14629 0.367101 -1.53987 1.97765 -0.35845 
0.208684 0.348705 -0.278772 -1.5655 0.857732 -2.51399 1.33561 -0.163728 0.365516 -1.53573 1.98748 -0.379404 
0.213921 0.366148 -0.30117 -1.57327 0.861192 -2.5079 1.3493 -0.180719 0.363509 -1.53188 1.99766 -0.400296 
0.219159 0.38359 -0.323568 -1.58104 0.864652 -2.50182 1.36306 -0.197267 0.361097 -1.52833 2.00818 -0.421115 
0.224396 0.401032 -0.345965 -1.58882 0.868112 -2.49573 1.37688 -0.213378 0.358297 -1.52509 2.01902 -0.441853 
0.229634 0.418475 -0.368363 -1.59659 0.871573 -2.48965 1.39074 -0.229055 0.355127 -1.52217 2.03016 -0.4625 
0.234871 0.435917 -0.390761 -1.60436 0.875033 -2.48356 1.40466 -0.244307 0.351604 -1.51957 2.0416 -0.48305 
0.240109 0.45336 -0.413158 -1.61213 0.878493 -2.47748 1.41862 -0.25914 0.347745 -1.51729 2.05332 -0.503497 
0.245346 0.470802 -0.435556 -1.6199 0.881953 -2.4714 1.43262 -0.273562 0.343567 -1.51534 2.0653 -0.523839 
0.250583 0.488244 -0.457954 -1.62767 0.885414 -2.46531 1.44666 -0.287582 0.339087 -1.51373 2.07752 -0.544071 
0.257143 0.481816 -0.452455 -1.61938 0.889051 -2.46074 1.43885 -0.300862 0.355773 -1.51912 2.06742 -0.554531 
0.263703 0.475388 -0.446956 -1.61109 0.892689 -2.45616 1.43071 -0.31413 0.372417 -1.52462 2.05697 -0.564903 
0.270263 0.468959 -0.441457 -1.6028 0.896326 -2.45158 1.42223 -0.327385 0.389019 -1.53022 2.04617 -0.575178 
0.276823 0.462531 -0.435958 -1.59451 0.899964 -2.447 1.4134 -0.340624 0.405577 -1.53592 2.03499 -0.585349 
0.283383 0.456103 -0.430459 -1.58622 0.903601 -2.44243 1.4042 -0.353845 0.42209 -1.54173 2.02343 -0.595404 
0.289943 0.449675 -0.42496 -1.57793 0.907239 -2.43785 1.39461 -0.367046 0.438556 -1.54765 2.01147 -0.605335 
0.296503 0.443246 -0.419461 -1.56964 0.910876 -2.43327 1.38461 -0.380223 0.454972 -1.55368 1.99908 -0.615131 
0.303063 0.436818 -0.413962 -1.56135 0.914514 -2.4287 1.37418 -0.393371 0.471337 -1.55982 1.98626 -0.624778 
0.309623 0.43039 -0.408464 -1.55306 0.918151 -2.42412 1.36331 -0.406487 0.487649 -1.56607 1.97299 -0.634265 
0.316183 0.423961 -0.402965 -1.54477 0.921789 -2.41954 1.35198 -0.419564 0.503903 -1.57243 1.95924 -0.643578 
0.322743 0.417533 -0.397466 -1.53648 0.925426 -2.41497 1.34016 -0.432598 0.520099 -1.57891 1.94501 -0.652702 
0.329303 0.411105 -0.391967 -1.52819 0.929064 -2.41039 1.32783 -0.445581 0.536232 -1.58552 1.93026 -0.661621 
0.335862 0.404677 -0.386468 -1.5199 0.932701 -2.40581 1.31497 -0.458506 0.552298 -1.59224 1.91498 -0.670317 
0.342422 0.398248 -0.380969 -1.51161 0.936339 -2.40124 1.30156 -0.471364 0.568295 -1.5991 1.89915 -0.678773 
0.348982 0.39182 -0.37547 -1.50332 0.939976 -2.39666 1.28757 -0.484145 0.584218 -1.60609 1.88275 -0.686967 
0.355542 0.385392 -0.369971 -1.49503 0.943614 -2.39208 1.27298 -0.49684 0.600063 -1.61323 1.86576 -0.694878 
0.362102 0.378963 -0.364472 -1.48674 0.947251 -2.38751 1.25777 -0.509436 0.615826 -1.62052 1.84816 -0.702482 
0.368662 0.372535 -0.358973 -1.47845 0.950889 -2.38293 1.2419 -0.52192 0.6315 -1.62797 1.82993 -0.709753 
0.375222 0.366107 -0.353474 -1.47016 0.954526 -2.37835 1.22536 -0.534278 0.647082 -1.63559 1.81105 -0.716664 
0.381782 0.359679 -0.347975 -1.46187 0.958164 -2.37378 1.20812 -0.546494 0.662565 -1.64341 1.79151 -0.723185 
0.388342 0.35325 -0.342476 -1.45358 0.961801 -2.3692 1.19015 -0.558549 0.677944 -1.65142 1.77128 -0.729283 
0.394902 0.346822 -0.336977 -1.44529 0.965439 -2.36462 1.17143 -0.570425 0.693211 -1.65965 1.75035 -0.734922 
0.401462 0.340394 -0.331478 -1.437 0.969076 -2.36005 1.15194 -0.582101 0.70836 -1.66813 1.72871 -0.740064 
0.408022 0.333965 -0.32598 -1.42871 0.972714 -2.35547 1.13165 -0.593553 0.723384 -1.67687 1.70636 -0.744669 
0.414582 0.327537 -0.320481 -1.42042 0.976351 -2.35089 1.11055 -0.604756 0.738275 -1.68591 1.68327 -0.748691 
0.421141 0.321109 -0.314982 -1.41213 0.979989 -2.34632 1.08862 -0.615683 0.753025 -1.69527 1.65946 -0.752081 
0.427701 0.314681 -0.309483 -1.40384 0.983626 -2.34174 1.06584 -0.626304 0.767624 -1.705 1.63493 -0.754788 
0.434261 0.308252 -0.303984 -1.39555 0.987264 -2.33716 1.04221 -0.636588 0.782065 -1.71514 1.60968 -0.756754 
0.440821 0.301824 -0.298485 -1.38726 0.990901 -2.33259 1.0177 -0.6465 0.796336 -1.72573 1.58374 -0.757918 
0.447381 0.295396 -0.292986 -1.37897 0.994539 -2.32801 0.992336 -0.656004 0.810427 -1.73682 1.55712 -0.758216 
0.453941 0.288967 -0.287487 -1.37068 0.998176 -2.32343 0.966103 -0.66506 0.824328 -1.74848 1.52986 -0.757576 
0.460501 0.282539 -0.281988 -1.36239 1.00181 -2.31886 0.939014 -0.673627 0.838027 -1.76077 1.502 -0.755923 
0.467061 0.276111 -0.276489 -1.3541 1.00545 -2.31428 0.911087 -0.681662 0.851511 -1.77378 1.4736 -0.753176 
0.473621 0.269683 -0.27099 -1.34581 1.00909 -2.3097 0.882344 -0.689118 0.864768 -1.78757 1.44473 -0.749251 
0.480181 0.263254 -0.265491 -1.33752 1.01273 -2.30513 0.852816 -0.69595 0.877783 -1.80224 1.41546 -0.744057 
0.486741 0.256826 -0.259992 -1.32923 1.01636 -2.30055 0.822545 -0.702106 0.890544 -1.81789 1.3859 -0.7375 
0.490021 0.253612 -0.257243 -1.32508 1.01818 -2.29826 0.807144 -0.704915 0.896823 -1.82611 1.37104 -0.73368 
0.493301 0.250398 -0.254493 -1.32094 1.02 -2.29597 0.791577 -0.707537 0.903033 -1.83461 1.35615 -0.729482 
0.496581 0.247184 -0.251744 -1.31679 1.02182 -2.29369 0.77585 -0.709964 0.909172 -1.84341 1.34125 -0.724894 
0.499861 0.243969 -0.248994 -1.31265 1.02364 -2.2914 0.75997 -0.71219 0.915237 -1.85252 1.32635 -0.719903 
0.50314 0.240755 -0.246245 -1.3085 1.02546 -2.28911 0.743948 -0.714209 0.921226 -1.86196 1.31147 -0.714498 
0.50642 0.237541 -0.243496 -1.30436 1.02728 -2.28682 0.727791 -0.716015 0.927138 -1.87173 1.29663 -0.708664 
0.5097 0.234327 -0.240746 -1.30021 1.02909 -2.28453 0.711509 -0.7176 0.93297 -1.88186 1.28185 -0.70239 
0.51298 0.231113 -0.237997 -1.29607 1.03091 -2.28224 0.695112 -0.718958 0.938719 -1.89236 1.26715 -0.695664 
0.51626 0.227899 -0.235247 -1.29192 1.03273 -2.27996 0.67861 -0.720083 0.944384 -1.90323 1.25256 -0.688474 
0.51954 0.224685 -0.232498 -1.28778 1.03455 -2.27767 0.662015 -0.720968 0.949963 -1.91451 1.2381 -0.680809 
0.52282 0.221471 -0.229748 -1.28363 1.03637 -2.27538 0.645337 -0.721607 0.955452 -1.92619 1.2238 -0.672658 
0.5261 0.218256 -0.226999 -1.27949 1.03819 -2.27309 0.628587 -0.721994 0.96085 -1.9383 1.20967 -0.664012 
0.52938 0.215042 -0.224249 -1.27534 1.04001 -2.2708 0.611779 -0.722123 0.966154 -1.95084 1.19574 -0.654862 
0.53266 0.211828 -0.2215 -1.2712 1.04183 -2.26851 0.594923 -0.721987 0.971361 -1.96383 1.18205 -0.645198 
0.53594 0.208614 -0.21875 -1.26705 1.04364 -2.26622 0.578032 -0.721582 0.97647 -1.97727 1.16862 -0.635017 
0.53922 0.2054 -0.216001 -1.26291 1.04546 -2.26394 0.561119 -0.720901 0.981478 -1.99117 1.15547 -0.624311 
0.5425 0.202186 -0.213251 -1.25876 1.04728 -2.26165 0.544196 -0.71994 0.986381 -2.00555 1.14264 -0.613077 
0.54578 0.198972 -0.210502 -1.25462 1.0491 -2.25936 0.527276 -0.718692 0.991178 -2.02041 1.13015 -0.601314 
0.54906 0.195757 -0.207752 -1.25047 1.05092 -2.25707 0.51037 -0.717154 0.995866 -2.03575 1.11804 -0.589022 
0.55234 0.192543 -0.205003 -1.24633 1.05274 -2.25478 0.493493 -0.71532 1.00044 -2.05157 1.10632 -0.576204 
0.55562 0.189329 -0.202254 -1.24218 1.05456 -2.25249 0.476656 -0.713186 1.0049 -2.06787 1.09504 -0.562865 
0.5589 0.186115 -0.199504 -1.23804 1.05638 -2.25021 0.459872 -0.710748 1.00925 -2.08466 1.08421 -0.549012 
0.56218 0.182901 -0.196755 -1.23389 1.05819 -2.24792 0.443153 -0.708002 1.01347 -2.10191 1.07388 -0.534657 
0.56546 0.179687 -0.194005 -1.22975 1.06001 -2.24563 0.426511 -0.704946 1.01757 -2.11963 1.06405 -0.519812 
0.56874 0.176473 -0.191256 -1.2256 1.06183 -2.24334 0.409957 -0.701575 1.02155 -2.1378 1.05477 -0.504494 
0.57202 0.173258 -0.188506 -1.22146 1.06365 -2.24105 0.393503 -0.697888 1.0254 -2.15641 1.04605 -0.488724 
0.5753 0.170044 -0.185757 -1.21731 1.06547 -2.23876 0.37716 -0.693881 1.02912 -2.17543 1.03793 -0.472523 
0.57858 0.16683 -0.183007 -1.21317 1.06729 -2.23648 0.360938 -0.689553 1.0327 -2.19485 1.03041 -0.455919 
0.58186 0.163616 -0.180258 -1.20902 1.06911 -2.23419 0.344847 -0.684903 1.03615 -2.21464 1.02353 -0.438941 
0.58514 0.160402 -0.177508 -1.20488 1.07093 -2.2319 0.328898 -0.679929 1.03946 -2.23477 1.01731 -0.421621 
0.588419 0.157188 -0.174759 -1.20073 1.07275 -2.22961 0.313099 -0.674631 1.04262 -2.25522 1.01175 -0.403996 
0.591699 0.153974 -0.172009 -1.19659 1.07456 -2.22732 0.297459 -0.669008 1.04564 -2.27594 1.00688 -0.386102 
0.594979 0.150759 -0.16926 -1.19244 1.07638 -2.22503 0.281986 -0.66306 1.04852 -2.2969 1.00271 -0.367981 
0.598259 0.147545 -0.16651 -1.1883 1.0782 -2.22275 0.266687 -0.656789 1.05124 -2.31806 0.999252 -0.349675 
0.601539 0.144331 -0.163761 -1.18415 1.08002 -2.22046 0.251571 -0.650195 1.05382 -2.33938 0.996507 -0.33123 
0.604819 0.141117 -0.161011 -1.18001 1.08184 -2.21817 0.236642 -0.64328 1.05624 -2.36083 0.994485 -0.312689 
0.608099 0.137903 -0.158262 -1.17586 1.08366 -2.21588 0.221908 -0.636046 1.0585 -2.38235 0.993187 -0.294101 
0.611379 0.134689 -0.155513 -1.17172 1.08548 -2.21359 0.207374 -0.628495 1.0606 -2.4039 0.992613 -0.275512 
0.614659 0.131475 -0.152763 -1.16757 1.0873 -2.2113 0.193045 -0.62063 1.06253 -2.42545 0.99276 -0.256968 
0.617939 0.12826 -0.150014 -1.16343 1.08911 -2.20902 0.178924 -0.612454 1.06431 -2.44694 0.993624 -0.238517 
0.621219 0.125046 -0.147264 -1.15928 1.09093 -2.20673 0.165017 -0.603972 1.06592 -2.46834 0.995195 -0.220202 
0.624499 0.121832 -0.144515 -1.15514 1.09275 -2.20444 0.151326 -0.595187 1.06735 -2.4896 0.997463 -0.202069 
0.627779 0.118618 -0.141765 -1.15099 1.09457 -2.20215 0.137854 -0.586104 1.06862 -2.51069 1.00042 -0.184158 
0.631059 0.115404 -0.139016 -1.14685 1.09639 -2.19986 0.124603 -0.576728 1.06971 -2.53156 1.00404 -0.166508 
0.634339 0.11219 -0.136266 -1.1427 1.09821 -2.19757 0.111576 -0.567064 1.07063 -2.5522 1.00831 -0.149158 
0.637619 0.108976 -0.133517 -1.13856 1.10003 -2.19529 0.0987742 -0.557119 1.07138 -2.57255 1.01322 -0.132141 
0.640899 0.105761 -0.130767 -1.13441 1.10185 -2.193 0.0861983 -0.546899 1.07194 -2.59261 1.01873 -0.115487 
0.644179 0.102547 -0.128018 -1.13027 1.10366 -2.19071 0.0738493 -0.536409 1.07233 -2.61233 1.02484 -0.0992262 
0.647459 0.0993331 -0.125268 -1.12612 1.10548 -2.18842 0.0617273 -0.525658 1.07253 -2.63169 1.03152 -0.0833819 
0.650739 0.096119 -0.122519 -1.12198 1.1073 -2.18613 0.0498324 -0.514653 1.07255 -2.65069 1.03874 -0.0679759 
0.654019 0.0929048 -0.119769 -1.11783 1.10912 -2.18384 0.0381643 -0.5034 1.07239 -2.66929 1.04647 -0.0530265 
0.657299 0.0896907 -0.11702 -1.11369 1.11094 -2.18156 0.0267222 -0.491908 1.07204 -2.68749 1.0547 -0.0385489 
0.660579 0.0864766 -0.114271 -1.10954 1.11276 -2.17927 0.0155052 -0.480184 1.0715 -2.70527 1.06339 -0.0245552 
0.663859 0.0832624 -0.111521 -1.1054 1.11458 -2.17698 0.00451214 -0.468239 1.07078 -2.72264 1.07252 -0.0110545 
0.667139 0.0800483 -0.108772 -1.10125 1.1164 -2.17469 -0.00625851 -0.456078 1.06987 -2.73957 1.08206 0.00194662 
0.670419 0.0768341 -0.106022 -1.09711 1.11821 -2.1724 -0.0168084 -0.443713 1.06878 -2.75607 1.09198 0.0144443 
0.674627 0.0849465 -0.119277 -1.09944 1.12572 -2.1864 -0.0216836 -0.452724 1.06449 -2.75489 1.07635 0.0239465 
0.678836 0.0930588 -0.132533 -1.10176 1.13323 -2.2004 -0.0266161 -0.461266 1.06005 -2.75373 1.06102 0.0335352 
0.683045 0.101171 -0.145788 -1.10409 1.14073 -2.21439 -0.0316019 -0.469343 1.05546 -2.7526 1.04598 0.0432119 
0.687254 0.109283 -0.159043 -1.10642 1.14824 -2.22839 -0.0366367 -0.476963 1.05072 -2.7515 1.03125 0.052978 
0.691463 0.117396 -0.172298 -1.10875 1.15575 -2.24239 -0.0417161 -0.484133 1.04584 -2.75044 1.01681 0.0628341 
0.695672 0.125508 -0.185553 -1.11108 1.16325 -2.25638 -0.0468355 -0.490859 1.04084 -2.7494 1.00268 0.0727807 
0.699881 0.13362 -0.198809 -1.11341 1.17076 -2.27038 -0.0519904 -0.497152 1.03571 -2.74841 0.988855 0.082818 
0.70409 0.141733 -0.212064 -1.11573 1.17827 -2.28438 -0.057176 -0.503017 1.03047 -2.74745 0.975334 0.0929457 
0.708298 0.149845 -0.225319 -1.11806 1.18577 -2.29837 -0.0623875 -0.508464 1.02513 -2.74654 0.962121 0.103163 
0.712507 0.157957 -0.238574 -1.12039 1.19328 -2.31237 -0.0676199 -0.513502 1.01969 -2.74567 0.949216 0.11347 
0.716716 0.16607 -0.251829 -1.12272 1.20079 -2.32637 -0.0728684 -0.51814 1.01415 -2.74484 0.936619 0.123864 
0.720925 0.174182 -0.265085 -1.12505 1.20829 -2.34036 -0.0781278 -0.522386 1.00854 -2.74406 0.924331 0.134344 
0.725134 0.182294 -0.27834 -1.12738 1.2158 -2.35436 -0.0833932 -0.526249 1.00284 -2.74332 0.912351 0.144909 
0.729343 0.190407 -0.291595 -1.12971 1.22331 -2.36836 -0.0886594 -0.52974 0.997076 -2.74263 0.900679 0.155556 
0.733552 0.198519 -0.30485 -1.13203 1.23081 -2.38235 -0.0939214 -0.532866 0.991246 -2.74198 0.889316 0.166282 
0.73776 0.206632 -0.318105 -1.13436 1.23832 -2.39635 -0.0991741 -0.535637 0.985357 -2.74138 0.87826 0.177086 
0.741969 0.214744 -0.331361 -1.13669 1.24582 -2.41035 -0.104412 -0.538061 0.979417 -2.74083 0.86751 0.187963 
0.746178 0.222856 -0.344616 -1.13902 1.25333 -2.42434 -0.109631 -0.540149 0.97343 -2.74032 0.857067 0.198911 
0.750387 0.230969 -0.357871 -1.14135 1.26084 -2.43834 -0.114826 -0.541909 0.967402 -2.73985 0.84693 0.209926 
0.754596 0.239081 -0.371126 -1.14368 1.26834 -2.45234 -0.119991 -0.54335 0.961339 -2.73942 0.837097 0.221005 
0.758805 0.247193 -0.384382 -1.146 1.27585 -2.46633 -0.125122 -0.544479 0.955246 -2.73903 0.827568 0.232144 
0.763014 0.255306 -0.397637 -1.14833 1.28336 -2.48033 -0.130215 -0.545307 0.949128 -2.73868 0.818342 0.243338 
0.767223 0.263418 -0.410892 -1.15066 1.29086 -2.49433 -0.135263 -0.545841 0.942989 -2.73836 0.809419 0.254584 
0.771431 0.27153 -0.424147 -1.15299 1.29837 -2.50832 -0.140264 -0.54609 0.936835 -2.73808 0.800796 0.265877 
0.77564 0.279643 -0.437402 -1.15532 1.30588 -2.52232 -0.145212 -0.546061 0.930669 -2.73783 0.792473 0.277214 
0.779849 0.287755 -0.450658 -1.15765 1.31338 -2.53632 -0.150103 -0.545763 0.924497 -2.73761 0.784449 0.288588 
0.784058 0.295867 -0.463913 -1.15998 1.32089 -2.55031 -0.154934 -0.545202 0.918323 -2.73741 0.776722 0.299997 
0.788267 0.30398 -0.477168 -1.1623 1.3284 -2.56431 -0.159699 -0.544388 0.912149 -2.73724 0.769292 0.311436 
0.792476 0.312092 -0.490423 -1.16463 1.3359 -2.57831 -0.164396 -0.543326 0.905981 -2.73709 0.762158 0.322899 
0.796685 0.320204 -0.503678 -1.16696 1.34341 -2.5923 -0.16902 -0.542024 0.899822 -2.73695 0.755317 0.334383 
0.800894 0.328317 -0.516934 -1.16929 1.35092 -2.6063 -0.173569 -0.540488 0.893674 -2.73683 0.74877 0.345884 
0.805102 0.336429 -0.530189 -1.17162 1.35842 -2.6203 -0.178032 -0.538727 0.887537 -2.73671 0.74251 0.357383 
0.815052 0.319469 -0.51492 -1.17505 1.36341 -2.60664 -0.180167 -0.519714 0.866626 -2.74304 0.73623 0.351096 
0.825002 0.30251 -0.499651 -1.17849 1.3684 -2.59299 -0.18167 -0.501059 0.845879 -2.74856 0.73002 0.34394 
0.834952 0.285551 -0.484383 -1.18193 1.37339 -2.57933 -0.182601 -0.482753 0.82531 -2.75334 0.723873 0.335992 
0.844902 0.268591 -0.469114 -1.18537 1.37838 -2.56567 -0.183011 -0.464785 0.804927 -2.75744 0.717782 0.327308 
0.854851 0.251632 -0.453845 -1.1888 1.38337 -2.55202 -0.182944 -0.447144 0.784738 -2.76091 0.711742 0.317942 
0.864801 0.234672 -0.438576 -1.19224 1.38836 -2.53836 -0.18244 -0.429823 0.764751 -2.76379 0.70575 0.307942 
0.874751 0.217713 -0.423308 -1.19568 1.39336 -2.5247 -0.181537 -0.412813 0.744972 -2.76612 0.699806 0.297353 
0.884701 0.200753 -0.408039 -1.19911 1.39835 -2.51105 -0.180267 -0.396105 0.725409 -2.76794 0.693909 0.286214 
0.894651 0.183794 -0.39277 -1.20255 1.40334 -2.49739 -0.178662 -0.379693 0.706069 -2.76929 0.688063 0.274564 
0.904601 0.166835 -0.377501 -1.20599 1.40833 -2.48373 -0.176747 -0.36357 0.686959 -2.7702 0.682269 0.262438 
0.91455 0.149875 -0.362233 -1.20942 1.41332 -2.47008 -0.174549 -0.34773 0.668087 -2.77071 0.676531 0.249868 
0.9245 0.132916 -0.346964 -1.21286 1.41831 -2.45642 -0.172091 -0.332168 0.649459 -2.77083 0.670852 0.236883 
0.93445 0.115956 -0.331695 -1.2163 1.4233 -2.44277 -0.169394 -0.316879 0.631083 -2.7706 0.665239 0.223514 
0.9444 0.0989969 -0.316426 -1.21973 1.42829 -2.42911 -0.166478 -0.301857 0.612966 -2.77004 0.659694 0.209785 
0.95435 0.0820375 -0.301158 -1.22317 1.43328 -2.41545 -0.16336 -0.287099 0.595114 -2.76919 0.654223 0.195722 
0.964299 0.0650781 -0.285889 -1.22661 1.43827 -2.4018 -0.160057 -0.272602 0.577534 -2.76805 0.648831 0.18135 
0.974249 0.0481187 -0.27062 -1.23004 1.44326 -2.38814 -0.156585 -0.258362 0.560235 -2.76665 0.643524 0.16669 
0.984199 0.0311592 -0.255351 -1.23348 1.44825 -2.37448 -0.152958 -0.244376 0.543222 -2.76501 0.638306 0.151765 
0.994149 0.0141998 -0.240083 -1.23692 1.45324 -2.36083 -0.14919 -0.230642 0.526503 -2.76316 0.633183 0.136597 
1.0041 -0.00275962 -0.224814 -1.24035 1.45823 -2.34717 -0.145292 -0.217157 0.510086 -2.76111 0.62816 0.121205 
1.01405 -0.019719 -0.209545 -1.24379 1.46322 -2.33351 -0.141276 -0.203921 0.493976 -2.75888 0.623243 0.105609 
1.024 -0.0366785 -0.194276 -1.24723 1.46821 -2.31986 -0.137153 -0.190931 0.478182 -2.75649 0.618435 0.0898283 
1.03395 -0.0536379 -0.179007 -1.25066 1.4732 -2.3062 -0.132934 -0.178185 0.462709 -2.75396 0.613744 0.0738828 
1.0439 -0.0705973 -0.163739 -1.2541 1.47819 -2.29255 -0.128627 -0.165684 0.447567 -2.7513 0.609172 0.0577906 
1.05385 -0.0875567 -0.14847 -1.25754 1.48318 -2.27889 -0.124242 -0.153427 0.432761 -2.74854 0.604726 0.0415702 
1.0638 -0.104516 -0.133201 -1.26097 1.48817 -2.26523 -0.119788 -0.141412 0.418298 -2.74568 0.600409 0.0252397 
1.07375 -0.121476 -0.117932 -1.26441 1.49316 -2.25158 -0.115271 -0.129639 0.404187 -2.74276 0.596227 0.00881734 
1.0837 -0.138435 -0.102664 -1.26785 1.49815 -2.23792 -0.1107 -0.118108 0.390432 -2.73977 0.592183 -0.00767916 
1.09365 -0.155394 -0.0873949 -1.27128 1.50314 -2.22426 -0.106083 -0.106819 0.377043 -2.73675 0.588281 -0.024232 
1.1036 -0.172354 -0.0721262 -1.27472 1.50813 -2.21061 -0.101425 -0.0957725 0.364024 -2.73371 0.584527 -0.0408236 
1.11355 -0.189313 -0.0568574 -1.27816 1.51312 -2.19695 -0.0967334 -0.0849678 0.351384 -2.73066 0.580922 -0.0574363 
1.1235 -0.206273 -0.0415887 -1.2816 1.51811 -2.18329 -0.0920145 -0.0744053 0.339128 -2.72762 0.577472 -0.0740527 
1.13345 -0.223232 -0.0263199 -1.28503 1.5231 -2.16964 -0.0872742 -0.0640853 0.327263 -2.72461 0.574179 -0.0906555 
1.1434 -0.240192 -0.0110512 -1.28847 1.52809 -2.15598 -0.0825181 -0.0540081 0.315796 -2.72164 0.571046 -0.107228 
1.15335 -0.257151 0.00421759 -1.29191 1.53309 -2.14233 -0.0777518 -0.0441739 0.304732 -2.71873 0.568077 -0.123752 
1.1633 -0.27411 0.0194863 -1.29534 1.53808 -2.12867 -0.0729806 -0.0345831 0.294078 -2.7159 0.565275 -0.140211 
1.17325 -0.29107 0.0347551 -1.29878 1.54307 -2.11501 -0.0682095 -0.025236 0.283839 -2.71316 0.562642 -0.156589 
1.1832 -0.308029 0.0500239 -1.30222 1.54806 -2.10136 -0.0634436 -0.0161328 0.27402 -2.71053 0.56018 -0.17287 
1.19315 -0.324989 0.0652926 -1.30565 1.55305 -2.0877 -0.0586875 -0.00727367 0.264627 -2.70802 0.557893 -0.189036 
1.20309 -0.341948 0.0805614 -1.30909 1.55804 -2.07404 -0.053946 0.00134133 0.255665 -2.70565 0.555781 -0.205073 
1.21304 -0.358908 0.0958301 -1.31253 1.56303 -2.06039 -0.0492236 0.00971219 0.247139 -2.70343 0.553848 -0.220965 
1.22299 -0.375867 0.111099 -1.31596 1.56802 -2.04673 -0.0445246 0.017839 0.239052 -2.70138 0.552094 -0.236697 
1.23294 -0.392826 0.126368 -1.3194 1.57301 -2.03307 -0.0398535 0.0257221 0.231408 -2.69951 0.550521 -0.252254 
1.24289 -0.409786 0.141636 -1.32284 1.578 -2.01942 -0.0352143 0.0333619 0.224212 -2.69783 0.549131 -0.267623 
1.25284 -0.426745 0.156905 -1.32627 1.58299 -2.00576 -0.0306114 0.040759 0.217466 -2.69636 0.547926 -0.28279 
1.26279 -0.443705 0.172174 -1.32971 1.58798 -1.99211 -0.0260486 0.0479142 0.211172 -2.69511 0.546905 -0.297742 
1.27274 -0.460664 0.187443 -1.33315 1.59297 -1.97845 -0.0215301 0.0548284 0.205333 -2.69409 0.546071 -0.312468 
1.28269 -0.477624 0.202711 -1.33658 1.59796 -1.96479 -0.0170598 0.0615029 0.199951 -2.69332 0.545424 -0.326955 
1.29264 -0.494583 0.21798 -1.34002 1.60295 -1.95114 -0.0126415 0.0679391 0.195028 -2.69279 0.544965 -0.341194 
1.30259 -0.511542 0.233249 -1.34346 1.60794 -1.93748 -0.00827915 0.0741388 0.190562 -2.69254 0.544694 -0.355174 
1.31254 -0.528502 0.248518 -1.34689 1.61293 -1.92382 -0.00397653 0.0801039 0.186556 -2.69255 0.544613 -0.368887 
1.32249 -0.545461 0.263786 -1.35033 1.61792 -1.91017 0.000262546 0.0858366 0.183009 -2.69284 0.544721 -0.382324 
1.33244 -0.562421 0.279055 -1.35377 1.62291 -1.89651 0.00443432 0.0913395 0.179919 -2.69342 0.545018 -0.395479 
1.34239 -0.57938 0.294324 -1.3572 1.6279 -1.88285 0.00853505 0.0966154 0.177286 -2.69429 0.545507 -0.408344 
1.35234 -0.59634 0.309593 -1.36064 1.63289 -1.8692 0.012561 0.101667 0.175107 -2.69547 0.546185 -0.420915 
1.36229 -0.613299 0.324861 -1.36408 1.63788 -1.85554 0.0165084 0.106499 0.17338 -2.69695 0.547054 -0.433187 
1.37224 -0.630258 0.34013 -1.36751 1.64287 -1.84189 0.0203736 0.111114 0.172101 -2.69873 0.548114 -0.445156 
1.38219 -0.647218 0.355399 -1.37095 1.64786 -1.82823 0.0241529 0.115516 0.171268 -2.70083 0.549365 -0.45682 
1.39214 -0.664177 0.370668 -1.37439 1.65285 -1.81457 0.0278424 0.11971 0.170875 -2.70325 0.550807 -0.468178 
1.40209 -0.681137 0.385936 -1.37783 1.65784 -1.80092 0.0314385 0.1237 0.170919 -2.70598 0.55244 -0.479228 
1.41204 -0.698096 0.401205 -1.38126 1.66283 -1.78726 0.0349375 0.127492 0.171393 -2.70903 0.554263 -0.489971 
1.42199 -0.715055 0.416474 -1.3847 1.66782 -1.7736 0.0383355 0.131091 0.172291 -2.7124 0.556278 -0.500407 
1.43194 -0.732015 0.431743 -1.38814 1.67282 -1.75995 0.0416289 0.134502 0.173608 -2.71609 0.558484 -0.510539 
1.44189 -0.748974 0.447011 -1.39157 1.67781 -1.74629 0.0448137 0.137732 0.175335 -2.72009 0.560881 -0.520369 
1.43608 -0.736445 0.43895 -1.39429 1.67501 -1.74974 0.0436503 0.133664 0.169919 -2.70487 0.55039 -0.52877 
1.43028 -0.723916 0.430888 -1.397 1.67222 -1.75318 0.0423953 0.129629 0.164586 -2.68938 0.540102 -0.537457 
1.42447 -0.711387 0.422826 -1.39971 1.66943 -1.75663 0.0410496 0.125622 0.159343 -2.67359 0.530018 -0.546432 
1.41867 -0.698858 0.414765 -1.40243 1.66664 -1.76007 0.0396142 0.121636 0.154196 -2.65752 0.520142 -0.555697 
1.41286 -0.686329 0.406703 -1.40514 1.66384 -1.76351 0.0380902 0.117668 0.149154 -2.64116 0.510473 -0.565255 
1.40706 -0.6738 0.398641 -1.40785 1.66105 -1.76696 0.0364785 0.113712 0.14422 -2.6245 0.501014 -0.575105 
1.40125 -0.66127 0.390579 -1.41057 1.65826 -1.7704 0.0347801 0.109763 0.139403 -2.60754 0.491766 -0.585249 
1.39544 -0.648741 0.382518 -1.41328 1.65547 -1.77385 0.032996 0.105816 0.134707 -2.59028 0.482731 -0.595686 
1.38964 -0.636212 0.374456 -1.41599 1.65267 -1.77729 0.0311272 0.101867 0.13014 -2.57272 0.473909 -0.606416 
1.38383 -0.623683 0.366394 -1.41871 1.64988 -1.78074 0.0291746 0.0979102 0.125707 -2.55486 0.465302 -0.617437 
1.37803 -0.611154 0.358333 -1.42142 1.64709 -1.78418 0.0271393 0.0939412 0.121414 -2.5367 0.45691 -0.628746 
1.37222 -0.598625 0.350271 -1.42413 1.6443 -1.78763 0.0250221 0.0899552 0.117267 -2.51824 0.448734 -0.64034 
1.36641 -0.586096 0.342209 -1.42684 1.64151 -1.79107 0.0228241 0.0859478 0.113272 -2.49949 0.440774 -0.652214 
1.36061 -0.573566 0.334147 -1.42956 1.63871 -1.79452 0.0205462 0.0819144 0.109433 -2.48044 0.433031 -0.664364 
1.3548 -0.561037 0.326086 -1.43227 1.63592 -1.79796 0.0181894 0.0778506 0.105757 -2.46112 0.425506 -0.676782 
1.349 -0.548508 0.318024 -1.43498 1.63313 -1.8014 0.0157545 0.073752 0.102249 -2.44151 0.418197 -0.689462 
1.34319 -0.535979 0.309962 -1.4377 1.63034 -1.80485 0.0132426 0.0696144 0.0989133 -2.42163 0.411104 -0.702394 
1.33738 -0.52345 0.301901 -1.44041 1.62754 -1.80829 0.0106545 0.0654336 0.0957561 -2.40149 0.404227 -0.715568 
1.33158 -0.510921 0.293839 -1.44312 1.62475 -1.81174 0.00799112 0.0612055 0.0927818 -2.3811 0.397566 -0.728974 
1.32577 -0.498392 0.285777 -1.44584 1.62196 -1.81518 0.00525346 0.0569261 0.0899952 -2.36047 0.391118 -0.742599 
1.31997 -0.485863 0.277715 -1.44855 1.61917 -1.81863 0.00244237 0.0525915 0.087401 -2.33961 0.384882 -0.756429 
1.31416 -0.473333 0.269654 -1.45126 1.61637 -1.82207 -0.000441257 0.0481978 0.0850037 -2.31853 0.378857 -0.770451 
1.30836 -0.460804 0.261592 -1.45398 1.61358 -1.82552 -0.00339653 0.0437414 0.0828076 -2.29725 0.37304 -0.784648 
1.30255 -0.448275 0.25353 -1.45669 1.61079 -1.82896 -0.00642258 0.0392185 0.0808169 -2.27579 0.367429 -0.799003 
1.29674 -0.435746 0.245468 -1.4594 1.608 -1.83241 -0.00951853 0.0346258 0.0790357 -2.25416 0.362021 -0.813498 
1.29094 -0.423217 0.237407 -1.46212 1.6052 -1.83585 -0.0126835 0.0299597 0.0774677 -2.23239 0.356814 -0.828115 
1.28513 -0.410688 0.229345 -1.46483 1.60241 -1.8393 -0.0159167 0.0252169 0.0761168 -2.21048 0.351804 -0.842833 
1.27933 -0.398159 0.221283 -1.46754 1.59962 -1.84274 -0.0192172 0.0203943 0.0749864 -2.18847 0.346986 -0.857633 
1.27352 -0.385629 0.213222 -1.47026 1.59683 -1.84618 -0.0225843 0.0154886 0.0740799 -2.16637 0.342357 -0.872492 
1.26771 -0.3731 0.20516 -1.47297 1.59404 -1.84963 -0.026017 0.0104969 0.0734004 -2.1442 0.337914 -0.887389 
1.26191 -0.360571 0.197098 -1.47568 1.59124 -1.85307 -0.0295146 0.00541625 0.072951 -2.12198 0.33365 -0.902303 
1.2561 -0.348042 0.189036 -1.4784 1.58845 -1.85652 -0.0330763 0.000243868 0.0727346 -2.09974 0.32956 -0.91721 
1.2503 -0.335513 0.180975 -1.48111 1.58566 -1.85996 -0.0367012 -0.00502294 0.0727536 -2.0775 0.325641 -0.932088 
1.24449 -0.322984 0.172913 -1.48382 1.58287 -1.86341 -0.0403885 -0.0103868 0.0730106 -2.05528 0.321885 -0.946915 
1.23869 -0.310455 0.164851 -1.48654 1.58007 -1.86685 -0.0441375 -0.0158501 0.0735079 -2.0331 0.318288 -0.961669 
1.23288 -0.297925 0.15679 -1.48925 1.57728 -1.8703 -0.0479474 -0.0214153 0.0742475 -2.01099 0.314843 -0.976327 
1.22707 -0.285396 0.148728 -1.49196 1.57449 -1.87374 -0.0518174 -0.0270846 0.0752312 -1.98896 0.311543 -0.990868 
1.22127 -0.272867 0.140666 -1.49468 1.5717 -1.87719 -0.0557468 -0.0328602 0.0764609 -1.96703 0.308384 -1.00527 
1.21546 -0.260338 0.132604 -1.49739 1.5689 -1.88063 -0.0597347 -0.0387441 0.0779379 -1.94524 0.305357 -1.01952 
1.20966 -0.247809 0.124543 -1.5001 1.56611 -1.88407 -0.0637804 -0.0447383 0.0796635 -1.92359 0.302456 -1.03359 
1.20385 -0.23528 0.116481 -1.50282 1.56332 -1.88752 -0.0678832 -0.0508447 0.081639 -1.9021 0.299674 -1.04746 
1.19804 -0.222751 0.108419 -1.50553 1.56053 -1.89096 -0.0720423 -0.0570649 0.0838652 -1.88079 0.297005 -1.06112 
1.19224 -0.210222 0.100357 -1.50824 1.55774 -1.89441 -0.0762569 -0.0634006 0.0863429 -1.85968 0.294442 -1.07456 
1.18643 -0.197692 0.0922958 -1.51096 1.55494 -1.89785 -0.0805265 -0.0698534 0.0890726 -1.83877 0.291977 -1.08775 
1.18063 -0.185163 0.084234 -1.51367 1.55215 -1.9013 -0.0848501 -0.0764247 0.0920546 -1.81809 0.289603 -1.10069 
1.17482 -0.172634 0.0761723 -1.51638 1.54936 -1.90474 -0.0892271 -0.0831158 0.0952893 -1.79765 0.287315 -1.11336 
1.16902 -0.160105 0.0681106 -1.5191 1.54657 -1.90819 -0.0936568 -0.0899281 0.0987765 -1.77745 0.285104 -1.12576 
1.16321 -0.147576 0.0600489 -1.52181 1.54377 -1.91163 -0.0981384 -0.0968627 0.102516 -1.75751 0.282965 -1.13787 
1.1574 -0.135047 0.0519871 -1.52452 1.54098 -1.91508 -0.102671 -0.103921 0.106508 -1.73784 0.28089 -1.14968 
1.1516 -0.122518 0.0439254 -1.52724 1.53819 -1.91852 -0.107255 -0.111103 0.110751 -1.71843 0.278873 -1.1612 
1.14579 -0.109988 0.0358637 -1.52995 1.5354 -1.92197 -0.111888 -0.118411 0.115246 -1.69929 0.276907 -1.17241 
1.13999 -0.0974593 0.027802 -1.53266 1.5326 -1.92541 -0.11657 -0.125845 0.11999 -1.68044 0.274988 -1.18332 
1.13418 -0.0849302 0.0197403 -1.53538 1.52981 -1.92885 -0.1213 -0.133406 0.124984 -1.66187 0.273107 -1.19391 
1.12837 -0.0724011 0.0116785 -1.53809 1.52702 -1.9323 -0.126079 -0.141095 0.130225 -1.64357 0.271261 -1.2042 
1.12257 -0.0598719 0.00361681 -1.5408 1.52423 -1.93574 -0.130904 -0.148913 0.135714 -1.62556 0.269443 -1.21418 
1.11676 -0.0473428 -0.00444491 -1.54352 1.52143 -1.93919 -0.135775 -0.156859 0.141448 -1.60783 0.267648 -1.22385 
1.11096 -0.0348137 -0.0125066 -1.54623 1.51864 -1.94263 -0.140692 -0.164935 0.147425 -1.59038 0.265871 -1.23321 
1.10515 -0.0222845 -0.0205683 -1.54894 1.51585 -1.94608 -0.145653 -0.173142 0.153645 -1.5732 0.264107 -1.24228 
1.09934 -0.00975539 -0.0286301 -1.55166 1.51306 -1.94952 -0.150659 -0.181479 0.160105 -1.55629 0.262351 -1.25105 
1.09354 0.00277375 -0.0366918 -1.55437 1.51027 -1.95297 -0.155708 -0.189947 0.166804 -1.53965 0.260599 -1.25954 
1.08773 0.0153029 -0.0447535 -1.55708 1.50747 -1.95641 -0.160799 -0.198547 0.17374 -1.52326 0.258848 -1.26775 
1.08193 0.027832 -0.0528152 -1.5598 1.50468 -1.95986 -0.165933 -0.207278 0.18091 -1.50712 0.257093 -1.27568 
1.07612 0.0403612 -0.060877 -1.56251 1.50189 -1.9633 -0.171107 -0.216142 0.188312 -1.49122 0.25533 -1.28335 
1.07032 0.0528903 -0.0689387 -1.56522 1.4991 -1.96674 -0.176322 -0.225139 0.195945 -1.47555 0.253557 -1.29077 
1.06451 0.0654194 -0.0770004 -1.56793 1.4963 -1.97019 -0.181576 -0.234269 0.203805 -1.4601 0.251771 -1.29794 
1.0587 0.0779486 -0.0850621 -1.57065 1.49351 -1.97363 -0.186869 -0.243532 0.21189 -1.44486 0.249968 -1.30489 
1.0529 0.0904777 -0.0931238 -1.57336 1.49072 -1.97708 -0.192199 -0.25293 0.220198 -1.42982 0.248147 -1.31162 
1.04709 0.103007 -0.101186 -1.57607 1.48793 -1.98052 -0.197567 -0.262461 0.228727 -1.41497 0.246306 -1.31814 
1.04129 0.115536 -0.109247 -1.57879 1.48513 -1.98397 -0.202972 -0.272127 0.237473 -1.40029 0.244441 -1.32448 
1.03548 0.128065 -0.117309 -1.5815 1.48234 -1.98741 -0.208411 -0.281928 0.246434 -1.38577 0.242553 -1.33064 
1.02967 0.140594 -0.125371 -1.58421 1.47955 -1.99086 -0.213886 -0.291864 0.255607 -1.37139 0.240639 -1.33663 
1.02387 0.153123 -0.133432 -1.58693 1.47676 -1.9943 -0.219393 -0.301936 0.26499 -1.35715 0.238698 -1.34249 
1.01806 0.165652 -0.141494 -1.58964 1.47397 -1.99775 -0.224934 -0.312145 0.27458 -1.34301 0.236731 -1.34821 
1.01226 0.178182 -0.149556 -1.59235 1.47117 -2.00119 -0.230507 -0.32249 0.284373 -1.32898 0.234735 -1.35382 
1.00645 0.190711 -0.157618 -1.59507 1.46838 -2.00464 -0.23611 -0.332973 0.294367 -1.31502 0.232711 -1.35934 
1.00065 0.20324 -0.165679 -1.59778 1.46559 -2.00808 -0.241743 -0.343594 0.30456 -1.30113 0.23066 -1.36479 
0.99484 0.215769 -0.173741 -1.60049 1.4628 -2.01152 -0.247405 -0.354354 0.314947 -1.28728 0.22858 -1.37018 
0.989034 0.228298 -0.181803 -1.60321 1.46 -2.01497 -0.253095 -0.365254 0.325527 -1.27346 0.226474 -1.37553 
0.983228 0.240827 -0.189864 -1.60592 1.45721 -2.01841 -0.258811 -0.376294 0.336297 -1.25963 0.224342 -1.38087 
0.977422 0.253356 -0.197926 -1.60863 1.45442 -2.02186 -0.264553 -0.387476 0.347252 -1.2458 0.222184 -1.38622 
0.971616 0.265886 -0.205988 -1.61135 1.45163 -2.0253 -0.270319 -0.3988 0.358392 -1.23192 0.220004 -1.3916 
0.96581 0.278415 -0.21405 -1.61406 1.44883 -2.02875 -0.276108 -0.410268 0.369711 -1.21799 0.217802 -1.39703 
0.960005 0.290944 -0.222111 -1.61677 1.44604 -2.03219 -0.281919 -0.421881 0.381209 -1.20397 0.215581 -1.40254 
0.954199 0.303473 -0.230173 -1.61949 1.44325 -2.03564 -0.287749 -0.433641 0.39288 -1.18984 0.213343 -1.40814 
0.948393 0.316002 -0.238235 -1.6222 1.44046 -2.03908 -0.293599 -0.445548 0.404724 -1.17559 0.211091 -1.41388 
0.942587 0.328531 -0.246297 -1.62491 1.43766 -2.04253 -0.299465 -0.457605 0.416736 -1.16117 0.208828 -1.41977 
0.936781 0.34106 -0.254358 -1.62763 1.43487 -2.04597 -0.305347 -0.469812 0.428914 -1.14657 0.206559 -1.42583 
0.930975 0.35359 -0.26242 -1.63034 1.43208 -2.04941 -0.311243 -0.482173 0.441254 -1.13176 0.204286 -1.4321 
0.925169 0.366119 -0.270482 -1.63305 1.42929 -2.05286 -0.317151 -0.49469 0.453755 -1.11671 0.202015 -1.43861 
0.919364 0.378648 -0.278543 -1.63577 1.4265 -2.0563 -0.323068 -0.507363 0.466412 -1.1014 0.199751 -1.44538 
0.913558 0.391177 -0.286605 -1.63848 1.4237 -2.05975 -0.328993 -0.520197 0.479224 -1.08579 0.197498 -1.45245 
0.907752 0.403706 -0.294667 -1.64119 1.42091 -2.06319 -0.334924 -0.533193 0.492187 -1.06986 0.195263 -1.45983 
0.901946 0.416235 -0.302729 -1.64391 1.41812 -2.06664 -0.340858 -0.546354 0.505298 -1.05357 0.193052 -1.46757 
0.89614 0.428764 -0.31079 -1.64662 1.41533 -2.07008 -0.346793 -0.559683 0.518554 -1.0369 0.190873 -1.47568 
0.890334 0.441293 -0.318852 -1.64933 1.41253 -2.07353 -0.352725 -0.573184 0.531953 -1.01983 0.188732 -1.4842 
0.884528 0.453823 -0.326914 -1.65205 1.40974 -2.07697 -0.358651 -0.58686 0.545492 -1.00232 0.186638 -1.49316 
0.878723 0.466352 -0.334975 -1.65476 1.40695 -2.08042 -0.364569 -0.600715 0.559167 -0.984356 0.1846 -1.50258 
0.872917 0.478881 -0.343037 -1.65747 1.40416 -2.08386 -0.370475 -0.614753 0.572976 -0.965906 0.182628 -1.51248 
0.867111 0.49141 -0.351099 -1.66019 1.40136 -2.08731 -0.376365 -0.628978 0.586917 -0.946955 0.180732 -1.52288 
0.861305 0.503939 -0.359161 -1.6629 1.39857 -2.09075 -0.382234 -0.643394 0.600985 -0.927485 0.178923 -1.5338 
0.855499 0.516468 -0.367222 -1.66561 1.39578 -2.09419 -0.388078 -0.658008 0.615179 -0.907487 0.177213 -1.54525 
0.849693 0.528997 -0.375284 -1.66833 1.39299 -2.09764 -0.393893 -0.672823 0.629496 -0.886955 0.175615 -1.55723 
0.843888 0.541527 -0.383346 -1.67104 1.3902 -2.10108 -0.399671 -0.687847 0.643933 -0.865891 0.174142 -1.56975 
0.838082 0.554056 -0.391408 -1.67375 1.3874 -2.10453 -0.405408 -0.703084 0.658486 -0.844305 0.17281 -1.58279 
0.832276 0.566585 -0.399469 -1.67647 1.38461 -2.10797 -0.411096 -0.718541 0.673153 -0.822216 0.171632 -1.59633 
0.82647 0.579114 -0.407531 -1.67918 1.38182 -2.11142 -0.416727 -0.734226 0.687932 -0.799657 0.170627 -1.61034 
0.820664 0.591643 -0.415593 -1.68189 1.37903 -2.11486 -0.422294 -0.750146 0.702818 -0.77667 0.16981 -1.62479 
0.814858 0.604172 -0.423654 -1.68461 1.37623 -2.11831 -0.427786 -0.766309 0.71781 -0.753315 0.169199 -1.6396 
0.809052 0.616701 -0.431716 -1.68732 1.37344 -2.12175 -0.433192 -0.782722 0.732904 -0.729663 0.168815 -1.65471 
0.803247 0.62923 -0.439778 -1.69003 1.37065 -2.1252 -0.438502 -0.799397 0.748097 -0.705805 0.168675 -1.67002 
0.797441 0.64176 -0.44784 -1.69275 1.36786 -2.12864 -0.4437 -0.816341 0.763387 -0.681848 0.168801 -1.68544 
0.791635 0.654289 -0.455901 -1.69546 1.36506 -2.13208 -0.448772 -0.833566 0.778769 -0.657918 0.169214 -1.70083 
0.785829 0.666818 -0.463963 -1.69817 1.36227 -2.13553 -0.453699 -0.851083 0.794242 -0.634158 0.169935 -1.71604 
0.780023 0.679347 -0.472025 -1.70089 1.35948 -2.13897 -0.458461 -0.868903 0.809801 -0.610732 0.170987 -1.73093 
0.774217 0.691876 -0.480086 -1.7036 1.35669 -2.14242 -0.463034 -0.88704 0.825442 -0.587819 0.172395 -1.7453 
0.768411 0.704405 -0.488148 -1.70631 1.35389 -2.14586 -0.467391 -0.905506 0.841164 -0.565619 0.174182 -1.75895 
0.762606 0.716934 -0.49621 -1.70902 1.3511 -2.14931 -0.471499 -0.924317 0.856962 -0.544348 0.176375 -1.77168 
0.7568 0.729464 -0.504272 -1.71174 1.34831 -2.15275 -0.47532 -0.943487 0.872832 -0.524237 0.179001 -1.78325 
0.750994 0.741993 -0.512333 -1.71445 1.34552 -2.1562 -0.478809 -0.963034 0.888771 -0.505537 0.18209 -1.79341 
0.745188 0.754522 -0.520395 -1.71716 1.34273 -2.15964 -0.481913 -0.982975 0.904774 -0.488514 0.185675 -1.8019 
0.739382 0.767051 -0.528457 -1.71988 1.33993 -2.16309 -0.484567 -1.00333 0.920838 -0.473454 0.189793 -1.80843 
0.733576 0.77958 -0.536519 -1.72259 1.33714 -2.16653 -0.486691 -1.02411 0.936957 -0.460663 0.194488 -1.8127 
0.72777 0.792109 -0.54458 -1.7253 1.33435 -2.16998 -0.488189 -1.04535 0.953128 -0.450477 0.199809 -1.81438 
0.721965 0.804638 -0.552642 -1.72802 1.33156 -2.17342 -0.488941 -1.06707 0.969345 -0.443264 0.205819 -1.8131 
0.716159 0.817168 -0.560704 -1.73073 1.32876 -2.17686 -0.488795 -1.08929 0.985603 -0.439438 0.212595 -1.80847 
0.710353 0.829697 -0.568765 -1.73344 1.32597 -2.18031 -0.487559 -1.11203 1.0019 -0.439475 0.22024 -1.80002 
0.704547 0.842226 -0.576827 -1.73616 1.32318 -2.18375 -0.484984 -1.13532 1.01822 -0.443933 0.228885 -1.78721 
0.698741 0.854755 -0.584889 -1.73887 1.32039 -2.1872 -0.480727 -1.15918 1.03456 -0.453518 0.238726 -1.76935 
0.696604 0.84532 -0.566259 -1.74533 1.31763 -2.16906 -0.47424 -1.1602 1.03311 -0.456762 0.244602 -1.77343 
0.694445 0.836253 -0.548315 -1.75176 1.31491 -2.15121 -0.467753 -1.16123 1.03167 -0.460005 0.250478 -1.77751 
0.692263 0.827531 -0.531011 -1.75816 1.31225 -2.13364 -0.461266 -1.16225 1.03022 -0.463249 0.256354 -1.78159 
0.690061 0.819132 -0.514307 -1.76454 1.30964 -2.11633 -0.454779 -1.16327 1.02878 -0.466493 0.262231 -1.78567 
0.687838 0.811038 -0.498169 -1.7709 1.30707 -2.09927 -0.448292 -1.1643 1.02733 -0.469737 0.268107 -1.78975 
0.685596 0.803231 -0.482565 -1.77722 1.30455 -2.08243 -0.441804 -1.16532 1.02589 -0.472981 0.273983 -1.79383 
0.683335 0.795697 -0.467467 -1.78353 1.30207 -2.06581 -0.435317 -1.16634 1.02445 -0.476225 0.279859 -1.79791 
0.681056 0.788422 -0.45285 -1.78981 1.29964 -2.04939 -0.42883 -1.16737 1.023 -0.479469 0.285735 -1.80199 
0.678759 0.781393 -0.43869 -1.79606 1.29725 -2.03318 -0.422343 -1.16839 1.02156 -0.482713 0.291611 -1.80607 
0.676446 0.774599 -0.424966 -1.80229 1.2949 -2.01714 -0.415856 -1.16941 1.02011 -0.485957 0.297487 -1.81015 
0.671773 0.761675 -0.398753 -1.81468 1.29032 -1.98561 -0.402882 -1.17146 1.01722 -0.492444 0.30924 -1.81832 
0.667042 0.749578 -0.374075 -1.82696 1.2859 -1.95474 -0.389908 -1.17351 1.01433 -0.498932 0.320992 -1.82648 
0.66226 0.738245 -0.350816 -1.83913 1.28163 -1.92448 -0.376934 -1.17555 1.01144 -0.50542 0.332744 -1.83464 
0.657433 0.727621 -0.328879 -1.85118 1.2775 -1.89479 -0.363959 -1.1776 1.00855 -0.511908 0.344496 -1.8428 
0.652567 0.717659 -0.308175 -1.86312 1.27351 -1.86565 -0.350985 -1.17965 1.00567 -0.518395 0.356249 -1.85096 
0.647669 0.708317 -0.28863 -1.87493 1.26964 -1.83702 -0.338011 -1.18169 1.00278 -0.524883 0.368001 -1.85912 
0.642744 0.699558 -0.270177 -1.88661 1.2659 -1.80888 -0.325037 -1.18374 0.999888 -0.531371 0.379753 -1.86728 
0.6378 0.691349 -0.252755 -1.89816 1.26227 -1.78122 -0.312063 -1.18579 0.996998 -0.537859 0.391505 -1.87544 
0.632841 0.683659 -0.236311 -1.90956 1.25876 -1.754 -0.299089 -1.18783 0.994109 -0.544346 0.403257 -1.8836 
0.627875 0.676462 -0.220796 -1.92081 1.25534 -1.72722 -0.286114 -1.18988 0.99122 -0.550834 0.41501 -1.89176 
0.622908 0.66973 -0.206167 -1.93191 1.25202 -1.70087 -0.27314 -1.19193 0.988331 -0.557322 0.426762 -1.89992 
0.617945 0.663443 -0.192382 -1.94285 1.2488 -1.67493 -0.260166 -1.19397 0.985442 -0.56381 0.438514 -1.90809 
0.612993 0.657577 -0.179404 -1.95362 1.24566 -1.64939 -0.247192 -1.19602 0.982553 -0.570297 0.450266 -1.91625 
0.608058 0.652113 -0.167199 -1.96423 1.2426 -1.62424 -0.234218 -1.19807 0.979664 -0.576785 0.462019 -1.92441 
0.603145 0.647032 -0.155735 -1.97465 1.23962 -1.59948 -0.221244 -1.20011 0.976775 -0.583273 0.473771 -1.93257 
0.59826 0.642317 -0.144982 -1.9849 1.23671 -1.5751 -0.208269 -1.20216 0.973885 -0.589761 0.485523 -1.94073 
0.593408 0.63795 -0.134912 -1.99496 1.23386 -1.5511 -0.195295 -1.20421 0.970996 -0.596248 0.497275 -1.94889 
0.588595 0.633917 -0.125498 -2.00483 1.23107 -1.52746 -0.182321 -1.20625 0.968107 -0.602736 0.509028 -1.95705 
0.583826 0.630203 -0.116717 -2.0145 1.22834 -1.50418 -0.169347 -1.2083 0.965218 -0.609224 0.52078 -1.96521 
0.579105 0.626794 -0.108544 -2.02398 1.22565 -1.48126 -0.156373 -1.21035 0.962329 -0.615712 0.532532 -1.97337 
0.574438 0.623675 -0.100958 -2.03325 1.22301 -1.4587 -0.143399 -1.21239 0.95944 -0.622199 0.544284 -1.98153 
0.56983 0.620836 -0.0939374 -2.04231 1.22041 -1.43648 -0.130424 -1.21444 0.956551 -0.628687 0.556037 -1.98969 
0.565284 0.618262 -0.0874617 -2.05117 1.21785 -1.41462 -0.11745 -1.21649 0.953662 -0.635175 0.567789 -1.99786 
0.560805 0.615944 -0.081512 -2.05981 1.21532 -1.3931 -0.104476 -1.21853 0.950772 -0.641663 0.579541 -2.00602 
0.556397 0.613869 -0.0760699 -2.06824 1.21282 -1.37191 -0.0915018 -1.22058 0.947883 -0.64815 0.591293 -2.01418 
0.552063 0.612028 -0.0711178 -2.07645 1.21035 -1.35107 -0.0785277 -1.22263 0.944994 -0.654638 0.603046 -2.02234 
0.547808 0.61041 -0.0666387 -2.08445 1.20789 -1.33056 -0.0655535 -1.22467 0.942105 -0.661126 0.614798 -2.0305 
0.543634 0.609005 -0.0626164 -2.09222 1.20546 -1.31039 -0.0525793 -1.22672 0.939216 -0.667614 0.62655 -2.03866 
0.539544 0.607805 -0.0590351 -2.09976 1.20304 -1.29055 -0.0396052 -1.22877 0.936327 -0.674101 0.638302 -2.04682 
0.535543 0.606799 -0.0558798 -2.10709 1.20063 -1.27103 -0.026631 -1.23081 0.933438 -0.680589 0.650055 -2.05498 
0.531631 0.605981 -0.053136 -2.11419 1.19823 -1.25184 -0.0136568 -1.23286 0.930549 -0.687077 0.661807 -2.06314 
0.527813 0.605341 -0.0507895 -2.12106 1.19583 -1.23297 -0.000682645 -1.23491 0.927659 -0.693565 0.673559 -2.0713 
0.52409 0.604872 -0.0488267 -2.12771 1.19344 -1.21443 0.0122915 -1.23695 0.92477 -0.700052 0.685311 -2.07946 
0.520463 0.604566 -0.0472345 -2.13414 1.19105 -1.1962 0.0252657 -1.239 0.921881 -0.70654 0.697063 -2.08763 
0.516936 0.604417 -0.0460002 -2.14033 1.18867 -1.17829 0.0382399 -1.24105 0.918992 -0.713028 0.708816 -2.09579 
0.51351 0.604417 -0.0451114 -2.14631 1.18628 -1.16069 0.051214 -1.24309 0.916103 -0.719516 0.720568 -2.10395 
0.510186 0.604559 -0.0445563 -2.15206 1.18389 -1.1434 0.0641882 -1.24514 0.913214 -0.726004 0.73232 -2.11211 
0.506965 0.604839 -0.0443231 -2.15758 1.18149 -1.12642 0.0771624 -1.24719 0.910325 -0.732491 0.744072 -2.12027 
0.50385 0.605249 -0.0444007 -2.16289 1.17909 -1.10975 0.0901365 -1.24923 0.907436 -0.738979 0.755825 -2.12843 
0.50084 0.605784 -0.0447782 -2.16797 1.17668 -1.09338 0.103111 -1.25128 0.904546 -0.745467 0.767577 -2.13659 
0.497936 0.606439 -0.0454449 -2.17283 1.17427 -1.07732 0.116085 -1.25333 0.901657 -0.751955 0.779329 -2.14475 
0.495139 0.607208 -0.0463907 -2.17748 1.17185 -1.06155 0.129059 -1.25537 0.898768 -0.758442 0.791081 -2.15291 
0.492451 0.608087 -0.0476055 -2.18191 1.16942 -1.04607 0.142033 -1.25742 0.895879 -0.76493 0.802834 -2.16107 
0.489869 0.609071 -0.0490797 -2.18613 1.16699 -1.03089 0.155007 -1.25947 0.89299 -0.771418 0.814586 -2.16923 
0.487396 0.610156 -0.0508037 -2.19013 1.16455 -1.016 0.167982 -1.26151 0.890101 -0.777906 0.826338 -2.1774 
0.485032 0.611337 -0.0527684 -2.19393 1.1621 -1.00139 0.180956 -1.26356 0.887212 -0.784393 0.83809 -2.18556 
0.482775 0.61261 -0.0549648 -2.19752 1.15965 -0.987071 0.19393 -1.26561 0.884323 -0.790881 0.849843 -2.19372 
0.480626 0.613972 -0.0573843 -2.20091 1.15719 -0.973031 0.206904 -1.26765 0.881433 -0.797369 0.861595 -2.20188 
0.478585 0.615419 -0.0600184 -2.2041 1.15473 -0.959268 0.219878 -1.2697 0.878544 -0.803857 0.873347 -2.21004 
0.47665 0.616948 -0.0628586 -2.2071 1.15227 -0.94578 0.232852 -1.27175 0.875655 -0.810344 0.885099 -2.2182 
0.474823 0.618556 -0.0658971 -2.2099 1.1498 -0.932563 0.245827 -1.27379 0.872766 -0.816832 0.896852 -2.22636 
0.471484 0.621994 -0.0725372 -2.21494 1.14488 -0.906928 0.271775 -1.27789 0.866988 -0.829808 0.920356 -2.24268 
0.468564 0.625711 -0.0798774 -2.21924 1.13996 -0.882337 0.297723 -1.28198 0.86121 -0.842783 0.94386 -2.259 
0.466055 0.629688 -0.0878595 -2.22285 1.13508 -0.858759 0.323672 -1.28607 0.855431 -0.855759 0.967365 -2.27533 
0.463947 0.633907 -0.0964269 -2.2258 1.13025 -0.836163 0.34962 -1.29017 0.849653 -0.868734 0.990869 -2.29165 
0.462234 0.63835 -0.105525 -2.22811 1.12548 -0.814518 0.375568 -1.29426 0.843875 -0.88171 1.01437 -2.30797 
0.460903 0.643004 -0.115102 -2.22983 1.12081 -0.793787 0.401517 -1.29835 0.838096 -0.894685 1.03788 -2.32429 
0.459945 0.647854 -0.125105 -2.231 1.11625 -0.773935 0.427465 -1.30245 0.832318 -0.907661 1.06138 -2.34061 
0.459349 0.652889 -0.135485 -2.23165 1.11182 -0.754923 0.453413 -1.30654 0.82654 -0.920636 1.08489 -2.35693 
0.459104 0.658095 -0.146191 -2.23183 1.10755 -0.736712 0.479362 -1.31063 0.820762 -0.933612 1.10839 -2.37326 
0.459196 0.663463 -0.157175 -2.23158 1.10346 -0.719258 0.50531 -1.31473 0.814983 -0.946587 1.1319 -2.38958 
0.459615 0.668981 -0.168388 -2.23095 1.09959 -0.702517 0.531258 -1.31882 0.809205 -0.959563 1.1554 -2.4059 
0.460348 0.674638 -0.17978 -2.22998 1.09595 -0.686442 0.557207 -1.32291 0.803427 -0.972538 1.17891 -2.42222 
0.461383 0.680423 -0.191302 -2.22871 1.09257 -0.670984 0.583155 -1.32701 0.797649 -0.985514 1.20241 -2.43854 
0.462706 0.686326 -0.202907 -2.2272 1.08947 -0.656093 0.609103 -1.3311 0.79187 -0.998489 1.22591 -2.45487 
0.464306 0.692335 -0.214542 -2.22549 1.08669 -0.641714 0.635052 -1.33519 0.786092 -1.01146 1.24942 -2.47119 
0.46617 0.698438 -0.22616 -2.22364 1.08424 -0.627792 0.661 -1.33929 0.780314 -1.02444 1.27292 -2.48751 
0.468284 0.704623 -0.237707 -2.22169 1.08214 -0.614271 0.686948 -1.34338 0.774536 -1.03742 1.29643 -2.50383 
0.470636 0.710878 -0.249133 -2.2197 1.08043 -0.601091 0.712897 -1.34747 0.768757 -1.05039 1.31993 -2.52015 
0.473214 0.717189 -0.260385 -2.21772 1.07912 -0.588192 0.738845 -1.35157 0.762979 -1.06337 1.34344 -2.53647 
0.476003 0.723541 -0.271409 -2.2158 1.07823 -0.575513 0.764793 -1.35566 0.757201 -1.07634 1.36694 -2.5528 
0.478992 0.729921 -0.282153 -2.21399 1.07779 -0.562991 0.790742 -1.35975 0.751423 -1.08932 1.39045 -2.56912 
0.482167 0.736314 -0.292562 -2.21234 1.07781 -0.550563 0.81669 -1.36384 0.745644 -1.10229 1.41395 -2.58544 
0.485514 0.742704 -0.302582 -2.2109 1.07832 -0.538165 0.842638 -1.36794 0.739866 -1.11527 1.43745 -2.60176 
0.489022 0.749076 -0.312159 -2.20972 1.07933 -0.525736 0.868587 -1.37203 0.734088 -1.12824 1.46096 -2.61808 
0.492676 0.755413 -0.321239 -2.20884 1.08085 -0.513212 0.894535 -1.37612 0.72831 -1.14122 1.48446 -2.63441 
0.496463 0.761701 -0.329769 -2.20831 1.08291 -0.500532 0.920483 -1.38022 0.722531 -1.1542 1.50797 -2.65073 
0.500369 0.767925 -0.337697 -2.20817 1.08552 -0.487637 0.946432 -1.38431 0.716753 -1.16717 1.53147 -2.66705 
0.50438 0.774069 -0.344973 -2.20846 1.0887 -0.47447 0.97238 -1.3884 0.710975 -1.18015 1.55498 -2.68337 
0.508483 0.780121 -0.351551 -2.20921 1.09246 -0.460976 0.998328 -1.3925 0.705197 -1.19312 1.57848 -2.69969 
0.512663 0.786069 -0.357384 -2.21046 1.09682 -0.447103 1.02428 -1.39659 0.699418 -1.2061 1.60199 -2.71601 
0.516906 0.791902 -0.362433 -2.21223 1.10178 -0.432804 1.05023 -1.40068 0.69364 -1.21907 1.62549 -2.73234 
0.521197 0.797611 -0.36666 -2.21454 1.10737 -0.418035 1.07617 -1.40478 0.687862 -1.23205 1.64899 -2.74866 
0.525521 0.803192 -0.370034 -2.21742 1.11359 -0.402757 1.10212 -1.40887 0.682084 -1.24502 1.6725 -2.76498 
0.529862 0.808639 -0.372529 -2.22088 1.12047 -0.386936 1.12807 -1.41296 0.676305 -1.258 1.696 -2.7813 
0.534206 0.813954 -0.374123 -2.22493 1.128 -0.370543 1.15402 -1.41706 0.670527 -1.27098 1.71951 -2.79762 
0.538536 0.819138 -0.374803 -2.22957 1.13621 -0.353554 1.17997 -1.42115 0.664749 -1.28395 1.74301 -2.81395 
0.542003 0.819163 -0.394959 -2.20825 1.13347 -0.376267 1.17518 -1.39622 0.653691 -1.28936 1.74232 -2.80522 
0.545206 0.819188 -0.415056 -2.18717 1.1311 -0.398954 1.1704 -1.37129 0.642634 -1.29477 1.74163 -2.79649 
0.548152 0.819198 -0.43506 -2.16636 1.12909 -0.421586 1.16562 -1.34636 0.631576 -1.30017 1.74095 -2.78777 
0.550848 0.819176 -0.454936 -2.14581 1.12744 -0.444132 1.16084 -1.32143 0.620518 -1.30558 1.74026 -2.77904 
0.553304 0.819104 -0.474648 -2.12554 1.12615 -0.466563 1.15606 -1.2965 0.609461 -1.31099 1.73957 -2.77031 
0.555525 0.818962 -0.494156 -2.10555 1.12522 -0.488847 1.15127 -1.27157 0.598403 -1.3164 1.73888 -2.76159 
0.557518 0.818731 -0.51342 -2.08586 1.12465 -0.510951 1.14649 -1.24664 0.587345 -1.3218 1.73819 -2.75286 
0.559292 0.818386 -0.532395 -2.06647 1.12442 -0.532841 1.14171 -1.22171 0.576288 -1.32721 1.7375 -2.74413 
0.560852 0.817905 -0.551035 -2.04739 1.12455 -0.554485 1.13693 -1.19678 0.56523 -1.33262 1.73681 -2.73541 
0.562204 0.817262 -0.56929 -2.02864 1.12501 -0.575846 1.13215 -1.17185 0.554172 -1.33803 1.73612 -2.72668 
0.563355 0.816429 -0.587108 -2.01023 1.12582 -0.596887 1.12736 -1.14692 0.543115 -1.34344 1.73543 -2.71795 
0.564312 0.815378 -0.60443 -1.99216 1.12695 -0.617572 1.12258 -1.12199 0.532057 -1.34884 1.73475 -2.70923 
0.565078 0.814076 -0.621199 -1.97445 1.1284 -0.63786 1.1178 -1.09706 0.520999 -1.35425 1.73406 -2.7005 
0.565661 0.812491 -0.63735 -1.95711 1.13017 -0.657713 1.11302 -1.07212 0.509942 -1.35966 1.73337 -2.69177 
0.566066 0.810588 -0.652818 -1.94015 1.13224 -0.677089 1.10824 -1.04719 0.498884 -1.36507 1.73268 -2.68305 
0.566297 0.808329 -0.667531 -1.92358 1.1346 -0.695946 1.10345 -1.02226 0.487826 -1.37047 1.73199 -2.67432 
0.56636 0.805677 -0.681417 -1.90741 1.13726 -0.714242 1.09867 -0.997333 0.476769 -1.37588 1.7313 -2.66559 
0.56626 0.802592 -0.694401 -1.89165 1.14018 -0.731934 1.09389 -0.972403 0.465711 -1.38129 1.73061 -2.65687 
0.566001 0.799034 -0.706407 -1.87631 1.14336 -0.748978 1.08911 -0.947472 0.454653 -1.3867 1.72992 -2.64814 
0.565588 0.79496 -0.717355 -1.8614 1.14678 -0.765332 1.08433 -0.922542 0.443595 -1.3921 1.72923 -2.63942 
0.565025 0.790331 -0.72717 -1.84693 1.15044 -0.780955 1.07954 -0.897611 0.432538 -1.39751 1.72854 -2.63069 
0.564317 0.785106 -0.735776 -1.83289 1.1543 -0.795807 1.07476 -0.872681 0.42148 -1.40292 1.72786 -2.62196 
0.563467 0.779247 -0.743101 -1.8193 1.15837 -0.809851 1.06998 -0.847751 0.410422 -1.40833 1.72717 -2.61324 
0.56248 0.77272 -0.749078 -1.80616 1.1626 -0.823053 1.0652 -0.82282 0.399365 -1.41374 1.72648 -2.60451 
0.561358 0.765492 -0.753648 -1.79345 1.16699 -0.835384 1.06042 -0.79789 0.388307 -1.41914 1.72579 -2.59578 
0.560107 0.757536 -0.756758 -1.78118 1.17151 -0.846821 1.05563 -0.772959 0.377249 -1.42455 1.7251 -2.58706 
0.55873 0.748831 -0.758369 -1.76935 1.17614 -0.857344 1.05085 -0.748029 0.366192 -1.42996 1.72441 -2.57833 
0.557229 0.739361 -0.75845 -1.75793 1.18086 -0.866941 1.04607 -0.723098 0.355134 -1.43537 1.72372 -2.5696 
0.555609 0.729117 -0.756985 -1.74692 1.18565 -0.875608 1.04129 -0.698168 0.344076 -1.44077 1.72303 -2.56088 
0.553873 0.718097 -0.753968 -1.73631 1.19047 -0.883347 1.03651 -0.673237 0.333019 -1.44618 1.72234 -2.55215 
0.552023 0.706306 -0.749408 -1.72607 1.1953 -0.890165 1.03172 -0.648307 0.321961 -1.45159 1.72165 -2.54342 
0.550064 0.693755 -0.743325 -1.71619 1.20013 -0.896077 1.02694 -0.623376 0.310903 -1.457 1.72097 -2.5347 
0.547997 0.68046 -0.735751 -1.70665 1.20493 -0.901104 1.02216 -0.598446 0.299846 -1.46241 1.72028 -2.52597 
0.545827 0.666444 -0.726726 -1.69742 1.20967 -0.905271 1.01738 -0.573516 0.288788 -1.46781 1.71959 -2.51724 
0.543556 0.651734 -0.716302 -1.68848 1.21434 -0.908607 1.0126 -0.548585 0.27773 -1.47322 1.7189 -2.50852 
0.541186 0.636359 -0.704532 -1.67982 1.21891 -0.911146 1.00782 -0.523655 0.266673 -1.47863 1.71821 -2.49979 
0.538721 0.620354 -0.691479 -1.6714 1.22337 -0.912921 1.00303 -0.498724 0.255615 -1.48404 1.71752 -2.49107 
0.536164 0.603751 -0.677207 -1.66321 1.22769 -0.913969 0.998251 -0.473794 0.244557 -1.48944 1.71683 -2.48234 
0.533516 0.586587 -0.66178 -1.65523 1.23187 -0.914328 0.993469 -0.448863 0.2335 -1.49485 1.71614 -2.47361 
0.530782 0.568898 -0.645266 -1.64744 1.23589 -0.914033 0.988687 -0.423933 0.222442 -1.50026 1.71545 -2.46489 
0.527963 0.550717 -0.627729 -1.63982 1.23973 -0.913121 0.983905 -0.399002 0.211384 -1.50567 1.71477 -2.45616 
0.525062 0.532081 -0.609233 -1.63236 1.24339 -0.911627 0.979123 -0.374072 0.200327 -1.51107 1.71408 -2.44743 
0.522082 0.513021 -0.58984 -1.62504 1.24684 -0.909584 0.974341 -0.349141 0.189269 -1.51648 1.71339 -2.43871 
0.519026 0.49357 -0.569609 -1.61785 1.25009 -0.907025 0.969559 -0.324211 0.178211 -1.52189 1.7127 -2.42998 
0.515896 0.473759 -0.548594 -1.61078 1.25311 -0.90398 0.964777 -0.299281 0.167154 -1.5273 1.71201 -2.42125 
0.512695 0.453615 -0.526849 -1.60382 1.25592 -0.900477 0.959995 -0.27435 0.156096 -1.53271 1.71132 -2.41253 
0.509426 0.433165 -0.504423 -1.59696 1.25849 -0.896544 0.955213 -0.24942 0.145038 -1.53811 1.71063 -2.4038 
0.506092 0.412435 -0.481361 -1.59019 1.26082 -0.892204 0.950431 -0.224489 0.133981 -1.54352 1.70994 -2.39507 
0.502695 0.391448 -0.457706 -1.58352 1.2629 -0.887481 0.945649 -0.199559 0.122923 -1.54893 1.70925 -2.38635 
0.499239 0.370226 -0.433497 -1.57693 1.26474 -0.882396 0.940867 -0.174628 0.111865 -1.55434 1.70856 -2.37762 
0.495726 0.34879 -0.408771 -1.57042 1.26633 -0.876968 0.936085 -0.149698 0.100808 -1.55974 1.70788 -2.36889 
0.49216 0.327157 -0.383562 -1.564 1.26766 -0.871215 0.931303 -0.124767 0.08975 -1.56515 1.70719 -2.36017 
0.488543 0.305346 -0.357901 -1.55765 1.26874 -0.865153 0.926521 -0.0998369 0.0786924 -1.57056 1.7065 -2.35144 
0.48488 0.283373 -0.331815 -1.55139 1.26956 -0.858797 0.921739 -0.0749064 0.0676347 -1.57597 1.70581 -2.34272 
0.481174 0.261254 -0.305332 -1.5452 1.27011 -0.852161 0.916957 -0.049976 0.056577 -1.58137 1.70512 -2.33399 
0.477428 0.239002 -0.278476 -1.5391 1.27041 -0.845257 0.912175 -0.0250455 0.0455194 -1.58678 1.70443 -2.32526 
0.473646 0.216631 -0.251269 -1.53309 1.27044 -0.838095 0.907393 -0.000115046 0.0344617 -1.59219 1.70374 -2.31654 
0.469832 0.194153 -0.22373 -1.52716 1.27021 -0.830685 0.902611 0.0248154 0.023404 -1.5976 1.70305 -2.30781 
0.465991 0.17158 -0.195881 -1.52133 1.26973 -0.823036 0.897829 0.0497459 0.0123464 -1.60301 1.70236 -2.29908 
0.462127 0.148924 -0.167736 -1.51559 1.26899 -0.815156 0.893047 0.0746763 0.00128869 -1.60841 1.70167 -2.29036 
0.458245 0.126194 -0.139314 -1.50995 1.26799 -0.80705 0.888265 0.0996068 -0.00976898 -1.61382 1.70099 -2.28163 
0.454349 0.103401 -0.110628 -1.50442 1.26674 -0.798724 0.883483 0.124537 -0.0208267 -1.61923 1.7003 -2.2729 
0.450446 0.0805542 -0.0816914 -1.499 1.26524 -0.790183 0.878701 0.149468 -0.0318843 -1.62464 1.69961 -2.26418 
0.44654 0.057663 -0.0525181 -1.4937 1.2635 -0.78143 0.873919 0.174398 -0.042942 -1.63004 1.69892 -2.25545 
0.443514 0.0444588 -0.0356382 -1.49457 1.26615 -0.781986 0.871352 0.199848 -0.0689288 -1.63002 1.70228 -2.2517 
0.440512 0.0312813 -0.0183699 -1.49554 1.26879 -0.782111 0.868784 0.225298 -0.0949157 -1.63 1.70565 -2.24795 
0.437544 0.0181492 -0.000735384 -1.49663 1.27144 -0.781808 0.866217 0.250748 -0.120903 -1.62998 1.70901 -2.2442 
0.434614 0.00508166 0.017243 -1.49782 1.2741 -0.781082 0.863649 0.276198 -0.146889 -1.62995 1.71238 -2.24045 
0.431731 -0.00790197 0.0355433 -1.4991 1.27679 -0.779936 0.861082 0.301648 -0.172876 -1.62993 1.71575 -2.2367 
0.428902 -0.0207819 0.0541436 -1.50047 1.2795 -0.778373 0.858514 0.327098 -0.198863 -1.62991 1.71911 -2.23295 
0.426135 -0.0335378 0.0730222 -1.50193 1.28226 -0.776393 0.855947 0.352548 -0.22485 -1.62989 1.72248 -2.22921 
0.423438 -0.0461492 0.0921575 -1.50347 1.28506 -0.774 0.853379 0.377998 -0.250837 -1.62986 1.72584 -2.22546 
0.420818 -0.058595 0.111528 -1.50509 1.28793 -0.771193 0.850812 0.403448 -0.276824 -1.62984 1.72921 -2.22171 
0.418285 -0.0708534 0.131112 -1.50678 1.29086 -0.767974 0.848244 0.428898 -0.30281 -1.62982 1.73257 -2.21796 
0.415847 -0.0829023 0.150889 -1.50853 1.29387 -0.764342 0.845677 0.454348 -0.328797 -1.6298 1.73594 -2.21421 
0.413512 -0.094719 0.170836 -1.51034 1.29698 -0.760296 0.843109 0.479798 -0.354784 -1.62977 1.7393 -2.21046 
0.41129 -0.10628 0.190933 -1.5122 1.30018 -0.755835 0.840542 0.505249 -0.380771 -1.62975 1.74267 -2.20671 
0.409189 -0.117561 0.211158 -1.5141 1.30349 -0.750958 0.837974 0.530699 -0.406758 -1.62973 1.74603 -2.20296 
0.407218 -0.128536 0.231489 -1.51603 1.30691 -0.745662 0.835407 0.556149 -0.432745 -1.62971 1.7494 -2.19921 
0.405387 -0.139181 0.251904 -1.518 1.31047 -0.739944 0.832839 0.581599 -0.458731 -1.62968 1.75276 -2.19546 
0.403703 -0.149468 0.272381 -1.51998 1.31417 -0.7338 0.830272 0.607049 -0.484718 -1.62966 1.75613 -2.19171 
0.402177 -0.15937 0.292897 -1.52198 1.31801 -0.727227 0.827704 0.632499 -0.510705 -1.62964 1.75949 -2.18796 
0.400816 -0.168857 0.313429 -1.52397 1.32201 -0.72022 0.825137 0.657949 -0.536692 -1.62962 1.76286 -2.18422 
0.399629 -0.1779 0.333953 -1.52595 1.32618 -0.712774 0.822569 0.683399 -0.562679 -1.62959 1.76623 -2.18047 
0.398625 -0.186468 0.354446 -1.52791 1.33051 -0.704883 0.820002 0.708849 -0.588666 -1.62957 1.76959 -2.17672 
0.397811 -0.194528 0.374882 -1.52983 1.33503 -0.696541 0.817434 0.734299 -0.614653 -1.62955 1.77296 -2.17297 
0.397194 -0.202047 0.395235 -1.5317 1.33974 -0.687742 0.814867 0.759749 -0.640639 -1.62953 1.77632 -2.16922 
0.396782 -0.208989 0.415481 -1.53352 1.34463 -0.678477 0.812299 0.785199 -0.666626 -1.6295 1.77969 -2.16547 
0.396581 -0.215319 0.43559 -1.53525 1.34972 -0.66874 0.809732 0.810649 -0.692613 -1.62948 1.78305 -2.16172 
0.396597 -0.220999 0.455534 -1.5369 1.35501 -0.658523 0.807164 0.836099 -0.7186 -1.62946 1.78642 -2.15797 
0.396835 -0.22599 0.475285 -1.53844 1.3605 -0.647818 0.804597 0.861549 -0.744587 -1.62944 1.78978 -2.15422 
0.397299 -0.230252 0.494811 -1.53985 1.36619 -0.636615 0.80203 0.886999 -0.770574 -1.62941 1.79315 -2.15047 
0.397993 -0.233743 0.51408 -1.54112 1.37208 -0.624906 0.799462 0.912449 -0.79656 -1.62939 1.79651 -2.14672 
0.39892 -0.236421 0.533059 -1.54223 1.37816 -0.612684 0.796895 0.937899 -0.822547 -1.62937 1.79988 -2.14297 
0.400081 -0.238242 0.551714 -1.54317 1.38444 -0.599939 0.794327 0.963349 -0.848534 -1.62934 1.80324 -2.13922 
0.401476 -0.239161 0.570007 -1.54391 1.39089 -0.586663 0.79176 0.988799 -0.874521 -1.62932 1.80661 -2.13548 
0.403105 -0.239132 0.587902 -1.54443 1.39752 -0.572849 0.789192 1.01425 -0.900508 -1.6293 1.80997 -2.13173 
0.404968 -0.238111 0.605358 -1.54471 1.40431 -0.55849 0.786625 1.0397 -0.926495 -1.62928 1.81334 -2.12798 
0.40706 -0.23605 0.622334 -1.54474 1.41126 -0.543581 0.784057 1.06515 -0.952482 -1.62925 1.81671 -2.12423 
0.409378 -0.232905 0.638788 -1.5445 1.41833 -0.528118 0.78149 1.0906 -0.978468 -1.62923 1.82007 -2.12048 
0.411918 -0.22863 0.654675 -1.54396 1.42551 -0.5121 0.778922 1.11605 -1.00446 -1.62921 1.82344 -2.11673 
0.414672 -0.223181 0.66995 -1.5431 1.43279 -0.495527 0.776355 1.1415 -1.03044 -1.62919 1.8268 -2.11298 
0.417634 -0.216518 0.684563 -1.54192 1.44014 -0.478404 0.773787 1.16695 -1.05643 -1.62916 1.83017 -2.10923 
0.420796 -0.208599 0.698468 -1.54039 1.44753 -0.460738 0.77122 1.1924 -1.08242 -1.62914 1.83353 -2.10548 
0.424148 -0.19939 0.711613 -1.53849 1.45494 -0.44254 0.768652 1.21785 -1.1084 -1.62912 1.8369 -2.10173 
0.427679 -0.188859 0.723947 -1.53621 1.46233 -0.423829 0.766085 1.2433 -1.13439 -1.6291 1.84026 -2.09798 
0.431379 -0.176977 0.735419 -1.53355 1.46968 -0.404625 0.763517 1.26875 -1.16038 -1.62907 1.84363 -2.09423 
0.435234 -0.163725 0.745975 -1.53048 1.47696 -0.384959 0.76095 1.2942 -1.18636 -1.62905 1.84699 -2.09048 
0.439233 -0.149088 0.755563 -1.52701 1.48413 -0.364866 0.758382 1.31965 -1.21235 -1.62903 1.85036 -2.08674 
0.443362 -0.133058 0.764132 -1.52312 1.49116 -0.344388 0.755815 1.3451 -1.23834 -1.62901 1.85372 -2.08299 
0.447607 -0.115637 0.771628 -1.51882 1.49801 -0.323576 0.753247 1.37055 -1.26432 -1.62898 1.85709 -2.07924 
0.451953 -0.0968355 0.778003 -1.51411 1.50466 -0.30249 0.75068 1.396 -1.29031 -1.62896 1.86045 -2.07549 
0.456386 -0.0766731 0.783207 -1.50899 1.51108 -0.281197 0.748112 1.42145 -1.3163 -1.62894 1.86382 -2.07174 
0.46089 -0.0551793 0.787194 -1.50347 1.51724 -0.259771 0.745545 1.4469 -1.34228 -1.62892 1.86719 -2.06799 
0.465451 -0.032394 0.789921 -1.49757 1.52311 -0.238297 0.742977 1.47235 -1.36827 -1.62889 1.87055 -2.06424 
0.470053 -0.0083666 0.791347 -1.49129 1.52867 -0.216863 0.74041 1.4978 -1.39426 -1.62887 1.87392 -2.06049 
0.472365 0.00409487 0.79156 -1.48802 1.53133 -0.206191 0.739126 1.51052 -1.40725 -1.62886 1.8756 -2.05862 
0.474683 0.0168441 0.791435 -1.48467 1.53391 -0.195566 0.737842 1.52325 -1.42024 -1.62885 1.87728 -2.05674 
0.477003 0.0298724 0.790968 -1.48123 1.5364 -0.185001 0.736559 1.53597 -1.43324 -1.62884 1.87896 -2.05487 
0.479324 0.0431704 0.790154 -1.47772 1.53881 -0.174508 0.735275 1.5487 -1.44623 -1.62883 1.88065 -2.05299 
0.481646 0.0567287 0.78899 -1.47412 1.54114 -0.164101 0.733991 1.56142 -1.45922 -1.62881 1.88233 -2.05112 
0.483965 0.070537 0.787475 -1.47046 1.54338 -0.153793 0.732707 1.57415 -1.47222 -1.6288 1.88401 -2.04924 
0.48628 0.084585 0.785603 -1.46673 1.54553 -0.143598 0.731424 1.58687 -1.48521 -1.62879 1.88569 -2.04737 
0.488589 0.0988619 0.783374 -1.46293 1.5476 -0.133529 0.73014 1.5996 -1.49821 -1.62878 1.88738 -2.04549 
0.490892 0.113357 0.780785 -1.45907 1.54958 -0.1236 0.728856 1.61232 -1.5112 -1.62877 1.88906 -2.04362 
0.493185 0.128058 0.777833 -1.45515 1.55148 -0.113824 0.727572 1.62505 -1.52419 -1.62876 1.89074 -2.04174 
0.495469 0.142954 0.774518 -1.45118 1.5533 -0.104215 0.726289 1.63777 -1.53719 -1.62875 1.89243 -2.03987 
0.49774 0.158034 0.770839 -1.44715 1.55504 -0.0947853 0.725005 1.6505 -1.55018 -1.62874 1.89411 -2.038 
0.499999 0.173286 0.766793 -1.44308 1.55671 -0.0855481 0.723721 1.66322 -1.56317 -1.62872 1.89579 -2.03612 
0.502242 0.188699 0.762381 -1.43897 1.55829 -0.076516 0.722437 1.67595 -1.57617 -1.62871 1.89747 -2.03425 
0.50447 0.204259 0.757601 -1.43482 1.55981 -0.0677013 0.721154 1.68867 -1.58916 -1.6287 1.89916 -2.03237 
0.50668 0.219957 0.752455 -1.43063 1.56125 -0.0591161 0.71987 1.7014 -1.60215 -1.62869 1.90084 -2.0305 
0.508872 0.235781 0.746941 -1.42641 1.56263 -0.0507717 0.718586 1.71412 -1.61515 -1.62868 1.90252 -2.02862 
0.511043 0.251719 0.74106 -1.42216 1.56395 -0.0426792 0.717302 1.72685 -1.62814 -1.62867 1.9042 -2.02675 
0.513194 0.26776 0.734813 -1.41789 1.56522 -0.0348494 0.716019 1.73957 -1.64113 -1.62866 1.90589 -2.02487 
0.515322 0.283894 0.7282 -1.41359 1.56642 -0.0272922 0.714735 1.7523 -1.65413 -1.62865 1.90757 -2.023 
0.517428 0.30011 0.721222 -1.40928 1.56758 -0.0200172 0.713451 1.76502 -1.66712 -1.62863 1.90925 -2.02112 
0.519508 0.316398 0.713881 -1.40496 1.5687 -0.0130335 0.712167 1.77775 -1.68011 -1.62862 1.91093 -2.01925 
0.521564 0.332749 0.706176 -1.40062 1.56977 -0.00634941 0.710884 1.79047 -1.69311 -1.62861 1.91262 -2.01737 
0.5236 0.34907 0.69813 -1.3963 1.5708 0 0.7096 1.8032 -1.7061 -1.6286 1.9143 -2.0155 

