0.5236 1.7453 -1.8326 -1.4835 1.5708 0 1.00428 0.2729 0.9486 -1.15011 1.81001 -1.97739 
0.526484 1.72478 -1.81349 -1.47881 1.58078 -0.0184598 0.991893 0.266254 0.941853 -1.16067 1.81882 -1.97338 
0.529332 1.70421 -1.79432 -1.47412 1.59048 -0.0369776 0.97964 0.259694 0.934966 -1.17151 1.82735 -1.96943 
0.53215 1.68358 -1.77509 -1.46945 1.59991 -0.055553 0.967528 0.253225 0.927936 -1.18266 1.83562 -1.96554 
0.53494 1.66291 -1.75579 -1.46478 1.60906 -0.0741869 0.955561 0.246855 0.920765 -1.1941 1.84359 -1.96171 
0.537706 1.64217 -1.73644 -1.46012 1.61794 -0.0928797 0.943743 0.240589 0.913452 -1.20582 1.85127 -1.95794 
0.540451 1.62139 -1.71703 -1.45546 1.62653 -0.111631 0.932077 0.234433 0.905998 -1.21782 1.85863 -1.95422 
0.543178 1.60056 -1.69758 -1.45081 1.63485 -0.13044 0.920567 0.228393 0.898406 -1.23009 1.86566 -1.95056 
0.545891 1.57967 -1.67808 -1.44616 1.64289 -0.149307 0.909217 0.222474 0.890677 -1.24263 1.87236 -1.94696 
0.548593 1.55873 -1.65854 -1.44151 1.65065 -0.168232 0.898023 0.216684 0.882803 -1.25542 1.87872 -1.94342 
0.551286 1.53774 -1.63896 -1.43686 1.65814 -0.187211 0.886993 0.211028 0.874795 -1.26847 1.88471 -1.93993 
0.553972 1.51669 -1.61935 -1.43221 1.66534 -0.206244 0.87613 0.205509 0.866657 -1.28175 1.89035 -1.9365 
0.556653 1.49559 -1.59972 -1.42755 1.67226 -0.225329 0.865435 0.200134 0.85839 -1.29527 1.8956 -1.93312 
0.559331 1.47444 -1.58006 -1.42288 1.6789 -0.244462 0.854909 0.194907 0.849996 -1.30901 1.90048 -1.92978 
0.562009 1.45323 -1.56039 -1.4182 1.68526 -0.263643 0.844554 0.189834 0.841479 -1.32296 1.90496 -1.9265 
0.564687 1.43197 -1.54072 -1.41351 1.69134 -0.282868 0.83437 0.184917 0.832841 -1.33712 1.90905 -1.92326 
0.567367 1.41064 -1.52104 -1.40881 1.69713 -0.302135 0.824359 0.180163 0.824086 -1.35147 1.91273 -1.92006 
0.570063 1.38928 -1.50136 -1.40412 1.70268 -0.321437 0.814487 0.175598 0.815168 -1.36599 1.91598 -1.91689 
0.572764 1.36787 -1.48169 -1.39941 1.70795 -0.340775 0.804788 0.171202 0.806139 -1.38069 1.91881 -1.91376 
0.575472 1.34639 -1.46204 -1.39468 1.71295 -0.360145 0.79526 0.166979 0.797004 -1.39554 1.92123 -1.91067 
0.578186 1.32485 -1.44241 -1.38993 1.71766 -0.379544 0.785903 0.162933 0.787764 -1.41055 1.92322 -1.9076 
0.580907 1.30325 -1.42281 -1.38515 1.7221 -0.398967 0.776716 0.159066 0.778425 -1.42569 1.92478 -1.90455 
0.583637 1.28158 -1.40324 -1.38035 1.72627 -0.418412 0.767697 0.155381 0.768989 -1.44095 1.92591 -1.90153 
0.586373 1.25985 -1.38372 -1.37552 1.73016 -0.437875 0.758846 0.15188 0.75946 -1.45634 1.92661 -1.89853 
0.589117 1.23806 -1.36425 -1.37065 1.73378 -0.457351 0.750161 0.148566 0.749843 -1.47182 1.92687 -1.89554 
0.59187 1.2162 -1.34483 -1.36575 1.73713 -0.476835 0.741636 0.145446 0.740138 -1.4874 1.9267 -1.89256 
0.594628 1.19428 -1.32547 -1.36082 1.74022 -0.496325 0.733274 0.142516 0.730351 -1.50305 1.92609 -1.88958 
0.597392 1.17228 -1.30619 -1.35585 1.74305 -0.515816 0.725071 0.139778 0.720488 -1.51878 1.92505 -1.8866 
0.60016 1.15021 -1.28697 -1.35084 1.74561 -0.535305 0.717027 0.137234 0.71055 -1.53456 1.92357 -1.88362 
0.602931 1.12808 -1.26784 -1.34578 1.74791 -0.554787 0.709137 0.134886 0.700543 -1.5504 1.92165 -1.88064 
0.605703 1.10587 -1.24879 -1.34068 1.74995 -0.574258 0.701399 0.132734 0.690469 -1.56626 1.9193 -1.87764 
0.608476 1.08358 -1.22983 -1.33554 1.75174 -0.593714 0.693812 0.130779 0.680334 -1.58216 1.91652 -1.87463 
0.611246 1.06123 -1.21097 -1.33034 1.75328 -0.61315 0.686372 0.129022 0.670139 -1.59807 1.91331 -1.8716 
0.621074 1.05854 -1.19374 -1.33665 1.76069 -0.612879 0.671992 0.127025 0.670008 -1.60155 1.89944 -1.85614 
0.630831 1.05597 -1.17648 -1.34278 1.76799 -0.612631 0.657669 0.125091 0.669816 -1.60503 1.8853 -1.84069 
0.640515 1.0535 -1.15919 -1.34874 1.77518 -0.612407 0.643407 0.123221 0.669565 -1.6085 1.87092 -1.82528 
0.650124 1.05114 -1.14187 -1.35452 1.78227 -0.612208 0.629205 0.121416 0.669256 -1.61197 1.85629 -1.80988 
0.659658 1.04888 -1.12452 -1.36013 1.78926 -0.612034 0.615067 0.119678 0.668891 -1.61543 1.84141 -1.79451 
0.669115 1.04672 -1.10714 -1.36558 1.79613 -0.611887 0.600994 0.118007 0.668471 -1.61889 1.8263 -1.77917 
0.678495 1.04466 -1.08974 -1.37086 1.8029 -0.611766 0.586987 0.116404 0.667998 -1.62235 1.81095 -1.76386 
0.687797 1.0427 -1.07231 -1.37598 1.80955 -0.611673 0.573048 0.114869 0.667472 -1.62581 1.79538 -1.74857 
