1	4.25194	308.829	363543	12.3406	640984	32.7302	363543	39	25726	25.5618	8516	3287	42.6135	133071	561949	
0	4.25194	1005.51	2039545	70.005	2886600	128.714	2039545	0	119711	145.316	41374	12644	133.974	388791	1.75318e+06	
1	4.25194	297.973	151589	5.50384	440120	28.2601	151589	41	59299	12.2907	3548	1680	43.7644	145058	561896	
1	4.25194	451.94	147214	5.28303	567938	39.4939	147214	55	64559	12.3375	3898	1536	65.0502	211735	858381	
1	4.25194	286.627	121669	4.25661	404385	24.9986	121669	27	37266	9.30363	3540	1521	40.7106	143135	549389	
1	4.25194	180.574	39572	1.35039	218135	15.1632	39572	44	20138	2.71693	997	504	26.5574	86207	365631	
1	4.25194	425.776	527003	17.8316	922559	46.5379	527003	52	23607	39.7438	12758	4556	57.4549	201309	783610	
1	4.25194	167.063	72879	2.51603	237790	13.953	72879	43	18302	4.87895	1568	785	24.0435	84173	327545	
1	4.25194	248.901	226952	7.68464	463656	24.3186	226952	37	17002	16.3193	5112	1962	34.3369	120752	468643	
1	4.25194	359.81	528815	17.949	859017	41.3872	528815	40	50350	36.8759	13265	5019	50.3085	157884	647080	
1	4.25194	453.095	419100	14.2601	852985	45.0733	419100	48	54014	30.483	11015	4248	63.3346	225896	850627	
1	4.25194	470.881	525622	17.9557	973690	48.4127	525622	44	37437	37.2889	9749	3338	65.6157	232119	868346	
1	4.25194	287.443	92445	3.16617	385803	24.877	92445	34	41263	6.91042	2519	968	42.4684	146156	565743	
1	4.25194	302.999	117353	4.03544	408748	29.4991	117353	38	34893	8.34161	3025	1259	46.8291	123750	607569	
1	4.25194	997.333	344934	12.1204	1332196	93.8176	344934	53	187744	27.5285	6066	2434	151.51	452469	1.97598e+06	
1	4.25194	256.259	247107	8.38162	496832	26.1746	247107	44	30671	17.4799	5522	2170	36.6171	121108	486109	
1	4.25194	887.908	1086605	37.4709	1883025	100.43	1086605	54	75405	82.2351	26484	8841	124.298	373596	1.65617e+06	
1	4.25194	246.216	299042	10.2347	528445	27.5249	299042	80	23263	21.911	6059	2348	34.2051	111766	452862	
1	4.25194	487.56	332665	11.4249	804164	46.1495	332665	39	39404	24.207	9151	3394	69.3737	234777	929577	
0	4.25194	1005.62	759807	26.3084	1733824	97.9286	759807	0	58308	55.9856	16326	5869	143.943	479355	1.91417e+06	
1	4.25194	428.862	162060	5.56861	591870	37.6312	162060	59	47019	10.9868	4100	1509	63.9558	202580	848717	
1	4.25194	175.87	110130	3.80631	275290	17.9159	110130	37	25714	8.88604	3135	1326	25.5754	77785	343360	
1	4.25194	66.5646	33139	1.11255	101195	6.35955	33139	33	9136	2.27839	788	353	9.77939	32051	125864	
1	4.25194	508.141	979178	33.5201	1426287	60.7172	979178	46	49553	69.7623	23115	7981	65.4908	233610	875077	
1	4.25194	624.629	826468	28.4134	1394329	70.7681	826468	75	52203	64.3361	15989	6109	82.5073	288610	1.12553e+06	
1	4.25194	234.338	118463	3.99792	349443	21.2357	118463	47	20892	8.43839	2543	1199	33.9636	111853	464785	
1	4.25194	291.983	463366	15.6875	720325	32.7278	463366	46	27993	32.9686	9692	3677	38.3933	127833	534304	
1	4.25194	812.385	1050533	35.7071	1785163	88.9385	1050533	35	76976	74.918	30206	9334	112.374	359304	1.50946e+06	
1	4.25194	489.531	625266	21.3272	1067355	54.9637	625266	96	54273	45.2056	14855	5667	68.051	201266	910485	
1	4.25194	556.725	1072169	36.392	1544323	68.0021	1072169	106	55897	78.6792	20536	7246	69.8541	242447	975405	
1	4.25194	917.205	711514	24.3531	1584398	89.8031	711514	52	71946	49.844	13279	5014	132.415	404898	1.75847e+06	
1	4.25194	83.5891	57908	1.98789	140968	7.63332	57908	34	11869	4.07749	989	440	11.6432	42617	157676	
1	4.25194	542.565	678790	23.1617	1166453	64.7652	678790	37	64654	53.1638	12581	4288	75.9097	229438	995502	
1	4.25194	294.71	170911	5.94045	469252	30.0685	170911	47	17347	14.2288	3525	1274	43.5515	141249	571088	
1	4.25194	343.731	456942	15.7346	775124	39.5789	456942	33	30045	35.0527	9711	3616	47.3368	152055	637875	
1	4.25194	262.795	140347	4.63124	398650	22.1966	140347	37	28671	9.34787	2284	1043	36.9861	128887	519585	
1	4.25194	246.315	102690	3.47794	351270	21.3206	102690	60	41708	7.03952	2673	1096	35.8128	125008	481724	
1	4.25194	217.278	44942	1.54339	264185	18.3611	44942	43	29914	3.31115	1069	522	32.3908	108613	439667	
1	4.25194	602.182	635208	21.5317	1208187	60.1425	635208	53	31270	45.5722	15335	4453	82.2142	295631	1.11499e+06	
1	4.25194	122.054	35622	1.2188	160030	10.2957	35622	40	16840	2.73299	875	464	17.3697	63538	236557	
1	4.25194	386.117	237453	8.07352	609697	36.2027	237453	35	44389	16.7621	4861	1802	56.6602	170842	763478	
1	4.25194	468.119	378107	12.9032	823693	46.5404	378107	50	27946	29.0689	8262	3179	65.3311	220945	897650	
1	4.25194	728.874	677756	23.8076	1346311	71.5369	677756	99	81923	47.6046	19364	7361	102.914	318972	1.39531e+06	
1	4.25194	307.096	240678	8.08192	538290	29.1923	240678	34	22882	16.7877	6045	2367	43.1896	146872	592025	
1	4.25194	404.877	307718	10.5899	702824	41.4807	307718	48	47417	23.5056	6289	2776	58.3598	189356	766552	
1	4.25194	651.778	938014	32.1215	1532595	70.7189	938014	38	64608	66.3384	25436	8501	88.0097	292303	1.20029e+06	
1	4.25194	259.917	229536	7.73866	485936	24.9521	229536	43	32704	15.9823	4424	1767	36.2731	136417	485105	
1	4.25194	217.503	169275	5.7864	380343	22.2723	169275	50	18217	12.9641	3765	1519	31.4715	100508	421405	
1	4.25194	495.176	531205	18.2564	1005109	52.4035	531205	53	63436	37.7125	13160	4659	71.1796	230709	924698	
1	4.25194	90.3492	22761	0.766497	117925	7.66026	22761	35	11021	1.48024	449	224	13.3784	47156	176594	
1	4.25194	347.582	438094	14.8731	757295	38.8847	438094	61	38807	31.4658	11600	4407	48.827	150434	641846	
1	4.25194	876.539	1131539	38.4058	1903752	99.1889	1131539	54	116408	86.1608	17584	4679	118.364	364542	1.64315e+06	
0	4.25194	1005.51	1434227	49.4499	2335669	116.242	1434227	0	125980	103.181	37161	11677	141.022	421661	1.8458e+06	
1	4.25194	337.205	142183	4.79121	469858	29.4896	142183	44	12519	9.82762	3854	1339	49.1829	154459	679343	
1	4.25194	217.425	271473	9.23616	474211	25.1095	271473	34	16171	21.2377	5250	1969	29.4805	102628	391170	
1	4.25194	146.781	100055	3.38988	243796	13.908	100055	41	13040	7.16536	2492	1102	21.1181	72077	285530	
1	4.25194	275.339	206178	6.99545	477362	26.8024	206178	48	33310	14.6302	4239	1530	39.8785	131589	528832	
0	4.25194	1005.48	411443	14.3904	1407635	92.0085	411443	0	75297	33.6317	10266	3066	147.789	499814	1.96786e+06	
1	4.25194	161.091	107669	3.67543	266741	15.567	107669	46	20159	7.87776	2311	1060	23.223	79605	310247	
1	4.25194	578.349	616594	20.6508	1151227	59.8299	616594	49	42121	41.6509	12785	4102	82.8249	251792	1.1158e+06	
1	4.25194	312.312	387283	12.7996	672533	31.3535	387283	71	36980	25.6954	7428	3131	42.0277	142207	594976	
1	4.25194	478.897	569227	19.0644	1008156	50.9515	569227	54	52898	39.898	11596	4303	66.5158	209390	899082	
1	4.25194	547.463	707881	23.8935	1216345	55.7093	707881	60	47220	46.5013	15164	4933	75.6243	253125	1.01888e+06	
1	4.25194	330.672	612028	20.2381	890714	40.1235	612028	71	38862	43.6836	12583	4620	42.568	136707	598479	
1	4.25194	105.768	27704	0.963715	136350	8.68677	27704	35	14113	2.08351	696	351	15.2938	56455	210777	
0	4.25194	1005.54	947087	32.3141	1896599	101.021	947087	0	146106	65.9643	18929	6476	144.749	447759	1.91936e+06	
1	4.25194	376.144	466847	15.8085	814101	37.8946	466847	56	38167	32.6389	10889	4108	50.1927	182780	689599	
1	4.25194	199.051	202496	6.84729	391363	19.977	202496	35	23087	14.469	5674	2232	27.2656	95564	368283	
1	4.25194	282.709	261341	8.7411	529047	28.5872	261341	38	32264	19.1528	6719	2583	39.0834	134339	534306	
1	4.25194	718.079	343991	11.7489	1042785	63.6325	343991	67	72790	23.0355	10039	3122	106.249	317648	1.43506e+06	
1	4.25194	517.83	774072	26.5617	1230046	60.7763	774072	53	72241	55.9451	19662	6421	72.144	210456	956061	
1	4.25194	529.012	729709	24.5709	1211711	59.0674	729709	44	62376	52.7198	14516	5044	71.8908	238575	974954	
1	4.25194	286.016	255809	8.65383	525992	26.855	255809	50	18132	17.7789	5503	1985	39.3053	140046	549692	
1	4.25194	572.391	743300	25.37	1276734	60.026	743300	75	62278	52.6319	17488	6410	77.3237	277921	1.03925e+06	
1	4.25194	650	763240	26.5441	1343568	74.9563	763240	66	75611	58.9812	17561	5811	92.4276	248536	1.24107e+06	
1	4.25194	109.552	67473	2.27767	173080	10.1206	67473	41	10396	4.76952	1352	638	15.4936	50208	213534	
0	4.25194	1005.66	1254905	42.7668	2176800	116.753	1254905	0	82417	90.7101	27212	7778	146.549	414814	1.86744e+06	
1	4.25194	417.091	303892	10.2827	709806	39.6244	303892	55	25969	21.2341	7000	2511	59.4611	196952	802511	
1	4.25194	195.656	185352	6.34281	369037	20.4575	185352	55	20370	13.7178	4367	1924	27.5512	88404	368083	
1	4.25194	927.656	888751	31.0818	1775320	99.0959	888751	53	110570	66.1646	22070	8079	134.888	408104	1.73225e+06	
1	4.25194	243.902	106927	3.6243	356242	21.8555	106927	40	18292	7.54586	2192	1003	35.9652	123489	478663	
1	4.25194	505.455	289456	9.87636	774240	47.073	289456	52	52721	21.7778	7935	2950	72.2388	240100	986104	
